00000000000000000000000000000000000000000000000000000000000000000000000000000000000000000000000000000000000000000000000000000000
00000000000000000000000000000000000000000000000000000000000000000000000000000000000000000000000000000000000000000000000000000000
00000000000000000000000000000000000000000000000000000000000000000000000000000000000000000000000000000000000000000000000000000000
00000000000000000000000000000000000000000000000000000000000000000000000000000000000000000000000000000000000000000000000000000000
00000000000000000000000000000000000000000000000000000000000000000000000000000000000000000000000000000000000000000000000000000000
00000000000000000000000000000000111111111111111111111111111111111111111111110000000000000000000000000000000000000000000000000000
00000000000000000000000000000111111111111111111111111000000000000000111111111111111111100000000000000000000000000000000000000000
00000000000000000000000000001111111111111111111110000011111111111111000000001111111111111110000000000000000000000000000000000000
00000000000000000000000000011111111111111111111000111111111111111111111111110000000000000000000000000000000000000000000000000000
00000000000000000000000000111111111111111111000111111111111111111111111111111111111111111111111111110000000000000000000000000000
00000000000000000000000001111111111111111100011111111111111111111111111111111111111111111111111111111100000000000000000000000000
00000000000000000000000011111111111111111001111111111100000000000000111111111111111111111111111111111111000000000000000000000000
00000000000000000000000111111111111111100111111110000011111111111111000000111111111111111111000000000011110000000000000000000000
00000000000000000000000111111111111111001111110000111111111111111111111111000000000000000000111111111001111100000000000000000000
00000000000000000000001111111111111100111111000111111111111111111111111111111111111111111111111111111111111110000000000000000000
00000000000000000000001111111111111001111100111111111111111111111111111111111111111111111111111111111111111111100000000000000000
00000000000000000000011111111111110111110001111110000000000000000111111111111111111111111111111111111111111111110000000000000000
00000000000000000000111111111111001111100111110001111111111111111111111111111111111111111110000011111111111111111000000000000000
00000000000000000000111111111110111111011111001111111111111111101111111111111111111100000000111100011111111111111100000000000000
00000000000000000001111111111101111100111100111111111111111111110111111111111111110001111111111111001111111111111110000000000000
00000000000000000001111111111011111001111001111111111111111111110011111111111111111111111111111111110011111111111110000000000000
00000000000000000001111111110111110011100111111111111111111111111011111111111111111111111111111111111001111111111110000000000000
00000000000000000011111111111111100111001111111111111111111111111011111111111111111101111111111111111101111111111111000000000000
00000000000000000011111111111111101110011111111111111111111111111011111111111111111101111111111111111110111111111111000000000000
00000000000000000111111111111111011100111111111111111111111111111111111111111111111101111111111111111110111111111111000000000000
00000000000000000111111111111111111101111111111111111111111111111111111111111111111011111111111111111111111111111111000000000000
00000000000000000111111111111111111011111111111100000000111111111111111111111111111011111111111111111111111111111111000000000000
00000000000000001111111111111111111111111111000000000000000111111111111111111111111011111111111111111111111111111111000000000000
00000000000000001111111111111111111111111000000000000000000001111111111111111111111111111111111111111111111111111111100000000000
00000000000000011111111111111111111111110000000000000000000000011111111111111111111111111111111111111111111111111111100000000000
00000000000000011111111111111111111111100000000000000011100000001111111111111111111111111110000000001111111111111111100000000000
00000000000000111111111111111111111111000000000000000011111000000111111111111111111111110000000000000011111111111111110000000000
00000000000001111111111111111111111110000000000000000011111110000011111111111111111111000000000000000001111111111111110000000000
00000000000000000111111111111111111100001100000000000011111111000001111111111111111110000000000000000001111111111111111000000000
00000000000000011111111111111000111100000000000000000000111111100000111111111111111100000000000000000000110111111111111100000000
00000000000100000000111111110001111100000000000000000000000111110000111111111111110000000000000000000000110000000000011110000000
00000000011001111111111111111111111100000000000000000000000011110000111111111100000000000000000000000001111111111111101111000000
00000000110111111111111111111111101110000011111111111100000000110000111111111000000000000000000000111111111111111111110111100000
00000000101111111100000001111111011111111111111110111111000000000001111111111100000000000001111111111111111111111111111011110000
00000001011111110000000000001111111111111111111000011111110000000001111111111110000000011111111111111111111111111111111101110000
00000011011111100000000000000011111111111111111000111111111100000111111111111111100001111111111111111111111111111110001110011000
00000110111111000000000000000000111111111111100000111111111111001111111111111111100001111111111111111111111111111111100111011000
00000110111110000011111111000000001111111111000001111111111111111111111111111111110001111111111111111111111100000111110111011000
00001101111100001111111111110000000001111000000011111111111111111111111111111111110001111111111111111111100000000000111011101000
00001101111100001111111011111100000000000000000111111111111111111111111111111111110001111111111111111111000000000000011011101000
00011101111000011111110001111111000000000000011111111111111111111111111111111111110001111111111100111110000000000000011011101000
00011101111000111111110001111111111000000001111111111111111111111111111111111111110001111111111100001000000111111100011011111000
00011101111000111111110000111111111111111111111111111111111111111111111111111111110000111111111100000000001111111111111011111000
00111101110000111111110000011111111111111111111111111111111111111111111111111111110000111111111110000000001111111111111111111000
00111101110001111111100000001111111111111111111111111111111111111111111111111111111000001111111111000000011110111111111111111000
00111101110001111111000000000011111111111111111111111111111111000111111111111111111100000111111111111111111100111111111111101000
00111101110001111110000000000001111111111111111111111111101100000011111111111111111110000011111111111111111100111111111011101000
00111101110001111000000011000000011111111111111111111111001000000011111111111111111111000001111111111111111100011111111011101000
00111101110001100000000011110000000111111111111111000000011000000111111111111111111111100000111111111111111100011111110011101000
00011101110001100000000011111100000001111111110000001111110000111111111111111111111111100000011111111111111100001111100111100000
00011101110001111100000011111110000000011111111111111111110001111111111111111111111111100000001111111111111000001111101111010000
00011101111000111111100011111111100000000111111111111111110001111000000011111111111111100000000111111111111000000111111110010000
00011111111000111111100001111111110000000000111111111111110001111000000000111111111111000000000001111111111000000111111100100000
00001110111000111111110001111111111000000000001111111111110000111000000000111111111111000000011100011111110000000111111001100000
00001110111100111111110000111111111100000000000001111111111000011000111111111111111110000111111111001111110000000111100111000000
00000110011100111111110000011111111100011000000000001111111000011111111111111111111100001111111111111111100000000111011111000000
00000111011111111111110000000111111100011111000000000011111100011111111111111100111000011111111111111111000000000111111111000000
00000011100111111111111000000011111100011111111000000000011111111111111111111100000000011111111111111110000000000111111110000000
00000011110011111111111000000000111100001111111110000000000011111111111111111100000000111111111111111000000000000011111110000000
00000001111100111111111100000000001100001111111111110000000000011111111111111110000001111111111111100000001000000011111110000000
00000000111111111111111100000000000000000111111111111100000000000001111111111111111111111111111110000000001100000011111100000000
00000000001111111111111110000100000000000111111111111110000000000000000111111111111111111111110000000000001100000011111100000000
00000000000011111111111111000111000000000011111111111110000100000000000000000011111111111100000000000010001100000011111100000000
00000000000011111111111111000011100000000000111111111110001111110000000000000000000000000000000000001111001110000011111100000000
00000000000111111111111111100011111000000000001111111110001111111111000000000000000000000000000000011111000110000011111100000000
00000000000011111111111111100001111100000000000001111110001111111111111000000000000000000000001000011111000110000011111100000000
00000000000011111111111111110000111100000000000000011100001111111111111000011111110000001111111100011111000110000011111100000000
00000000000001111111111111111000111110000000000000000100011111111111111000111111111000111111111100011111000100000011111100000000
00000000000000111111111111111000011110001100000000000000011111111111111100111111111000111111111100011110000000000011111100000000
00000000000000111111111111111100001110001111000000000000001111111111111100111111111100111111111110011110000000000011111100000000
00000000000000011111111111111100001110011111110000000000000001111111111100011111111100011111111100001100000000000011111100000000
00000000000000011111111111111110000100011111111100000000000000000011111000011111111000011111100000000000000000000011111100000000
00000000000000001111111111111111000000011111111111000000000000000000000000000000000000000000000000000000000000000011111100000000
00000000000000001111111111111111100000011111111111110000000000000000000000000000000000000000000000000000000000000011111100000000
00000000000000001111111111111111100000111111111111111000000000000000000000000000000000000000000000000000000000000011111100000000
00000000000000000111111111111111110000011111111111111000110000000000000000000000000000000000000000000000000000000011111100000000
00000000000000000111111111111111111000001111111111111000111100000000000000000000000000000000000000000000000000000111111100000000
00000000000000000011111111111111111100000111111111110000111111100000000000000000000000000000000000000000000000000111111100000000
00000000000000000011111111111111111110000011111111110001111111111100000000000000000000000000000000000000000000000111111100000000
00000000000000000001111111111111111111000001111111110001111111111111000000000000000000000000000000000000000001000111111100000000
00000000000000000000111111111111111111100000111111110001111111111111100010000000000000000000000000000000000001000111111100000000
00000000000000000000111111111111111111110000001111100011111111111111100011111110000000000000000000000000100010001111111100000000
00000000000000000000011111111111111111111000000111100011111111111111100011111111110000000000000011100001100010001111111100000000
00000000000000000000001111111111111111111110000011000011111111111111100011111111110000111111000111100011000000001111111100000000
00000000000000000000000111111111111111111111000000000111111111111111100011111111110001111111000111100011000000011111111100000000
00000000000000000000000011111111111111111111100000000111111111111111100011111111110001111110000111000011100000011111111100000000
00000000000000000000000001110111111101111111110000000011111111111111100011111111110001111110001111000111110000111111111100000000
00000000000000000000000000111001111110011111111100000000111111111111100011111111110001111110001111000111100000111111111100000000
00000000000000000000000000011110011111100111111111000000000111111111100011111111100011111100001110000100000001111111111100000000
00000000000000000000000000001111001111110011111111110000000000011111000011111111100011111100011110000000000011111111111100000000
00000000000000000000000000000111110011111100111111111100000000000000000011111111100011111000000000000000001111111111111100000000
00000000000000000000000000000011111000111111001111111111100000000000000000000000000000000000000000000000111111111111111100000000
00000000000000000000000000000000111110011111100011111111111110000000000000000000000000000000000000000111111111111111111100000000
00000000000000000000000000000000011111100111111000111111111111111110000000000000000000000000000111111111111111111111111100000000
00000000000000000000000000000000000111110001111110001111111111111111111111111111111111111111111111111111111111111111111100000000
00000000000000000000000000000000000011111100011111100011111111111111111111111111111111111111111111111111111111111111111100000000
00000000000000000000000000000000000000111111001111111000111111111111111111111111111111111111111111111111111011111111111100000000
00000000000000000000000000000000000000011111110011111110001111111111111111111111111111111111111111111111110111111111111100000000
00000000000000000000000000000000000000000111111100011111100011111111111111111111111111111111111111111111001111111111111100000000
00000000000000000000000000000000000000000001111111000111111100011111111111111111111111111111111111111110011111111111111100000000
00000000000000000000000000000000000000000000011111111000111111000011111111111111111111111111111111111000111111111011111100000000
00000000000000000000000000000000000000000000000111111110000111111100000000111111111111111111111111100011111111111011111100000000
00000000000000000000000000000000000000000000000001111111111000011111111111000000000000000000000000011111111111100111111100000000
00000000000000000000000000000000000000000000000000111111111111000001111111111111111111111111111111111111111111001111111110000000
00000000000000000000000000000000000000000000000000001111111111111100000111111111111111111111111111111111111110011111111110000000
00000000000000000000000000000000000000000000000000000011111111111111111000011111111111111111111111111111111001111111111100000000
00000000000000000000000000000000000000000000000000000000111111111111111111110000001111111111111111111111100011111111111100000000
00000000000000000000000000000000000000000000000000000000011111111111111111111111111100000000000000000000001111111111111100000000
00000000000000000000000000000000000000000000000000000000000111111111111111111111111111111111111111111111111111111111111000000000
00000000000000000000000000000000000000000000000000000000000001111111111111111111111111111111111111111111111111111111111000000000
00000000000000000000000000000000000000000000000000000000000000011111111111111111111111111111111111111111111111111111110000000000
00000000000000000000000000000000000000000000000000000000000000000111111111111111111111111111111111111111111111111111110000000000
00000000000000000000000000000000000000000000000000000000000000000001111111111111111111111111111111111111111111111111100000000000
00000000000000000000000000000000000000000000000000000000000000000000000011111111111111111111111111111111111111111111000000000000
00000000000000000000000000000000000000000000000000000000000000000000000000011111111111111111111111111111111111111110000000000000
00000000000000000000000000000000000000000000000000000000000000000000000000000011111111111111111111111111111111111100000000000000
00000000000000000000000000000000000000000000000000000000000000000000000000000000001111111111111111111111111111110000000000000000
00000000000000000000000000000000000000000000000000000000000000000000000000000000000001111111111111111111111111000000000000000000
00000000000000000000000000000000000000000000000000000000000000000000000000000000000000000011111111111111111100000000000000000000
00000000000000000000000000000000000000000000000000000000000000000000000000000000000000000000000000000000000000000000000000000000
00000000000000000000000000000000000000000000000000000000000000000000000000000000000000000000000000000000000000000000000000000000
00000000000000000000000000000000000000000000000000000000000000000000000000000000000000000000000000000000000000000000000000000000
00000000000000000000000000000000000000000000000000000000000000000000000000000000000000000000000000000000000000000000000000000000
