0.0 3.0
1.496005995801e-05 2.9940149600599577
5.968095865663999e-05 2.9880596809586564
0.00013392484980129002 2.9821339248498018
0.00023745531703295994 2.976237455317033
0.00037003736890625 2.970370037368906
0.00053143743387456 2.964531437433874
0.0007214233552824901 2.9587214233552817
0.00093976438636544 2.9529397643863655
0.0011862311852564099 2.9471862311852566
0.00146059581 2.9414605958099997
0.0017626317135736097 2.935762631713573
0.0020921137389158396 2.9300921137389158
0.0024488181139620895 2.9244488181139623
0.002832522446687361 2.918832522446687
0.00324300572015625 2.9132430057201555
0.0036800482875801598 2.90768004828758
0.004143431867381689 2.9021434318673816
0.00463293953826624 2.896632939538266
0.005148355734300809 2.8911483557343005
0.005689466239999999 2.8856894662399997
0.00625605818541921 2.880256058185418
0.00684792004125504 2.8748479200412547
0.007464841613952889 2.8694648416139525
0.00810661404082176 2.8641066140408213
0.00877302978515625 2.8587730297851555
0.00946388263136576 2.8534638826313654
0.01017896768011089 2.84817896768011
0.010918081343447043 2.842918081343447
0.011681021339975211 2.8376810213399746
0.012467586689999999 2.832467586689999
0.013277577710694809 2.8272775777106944
0.014110796011274239 2.8221107960112737
0.01496704448817369 2.816967044488173
0.01584612732023616 2.8118461273202353
0.01674784996390625 2.806747849963906
0.017672019148431358 2.801672019148431
0.018618442871070087 2.796618442871069
0.019586930392307838 2.7915869303923073
0.020577292231079607 2.786577292231079
0.021589340159999998 2.7815893401599996
0.02262288720060041 2.7766228872006002
0.02367774761857344 2.7716777476185728
0.024753736919024483 2.7667537369190245
0.025850671841730552 2.7618506718417297
0.026968370356406247 2.756968370356406
0.028106651657976954 2.752106651657977
0.029265336161859282 2.747265336161859
0.030444245499248637 2.742444245499248
0.03164320251241401 2.7376432025124133
0.03286203125 2.7328620312499994
0.03410055696233599 2.7281005569623353
0.03535860609675263 2.723358606096752
0.036636006292905275 2.718636006292905
0.037932586378104954 2.713932586378104
0.03924817636265625 2.7092481763626557
0.04058260743520256 2.7045826074352015
0.04193571195807848 2.699935711958078
0.04330732346266943 2.6953073234626683
0.04469727664477841 2.6906972766447796
0.04610540735999999 2.686105407359999
0.04753155261910162 2.6815315526191026
0.04897555058341183 2.6769755505834114
0.050437240560216104 2.672437240560217
0.05191646299815935 2.667916462998159
0.05341305948265626 2.663413059482657
0.054926872731308155 2.658926872731307
0.05645774658932771 2.654457746589329
0.058005526024970236 2.650005526024969
0.05957005712497283 2.645570057124974
0.061151187089999996 2.641151187089999
0.0627487642300972 2.6367487642300986
0.06436263796015104 2.632362637960152
0.06599265879535689 2.6279926587953573
0.06763867834669375 2.6236386783466945
0.06930054931640625 2.6193005493164065
0.07097812549349378 2.6149781254934945
0.07267126174920692 2.6106712617492076
0.07437981403255105 2.6063798140325516
0.07610363936579723 2.6021036393657977
0.07784259584 2.5978425958400004
0.0795965426105228 2.5935965426105234
0.08136533989257028 2.589365339892571
0.08314884895672771 2.5851488489567287
0.08494693212450818 2.580946932124509
0.08675945276390626 2.576759452763907
0.08858627528495935 2.57258627528496
0.0904272651353161 2.568427265135316
0.09228228879581185 2.564282288795812
0.09415121377605162 2.5601512137760523
0.09603390861000001 2.556033908610001
0.09793024285157845 2.551930242851579
0.09984008707026944 2.54784008707027
0.1017633128467285 2.543763312846729
0.10369979276840256 2.5396997927684026
0.10564940042515626 2.535649400425157
0.10761201040490496 2.531612010404905
0.10958749828925532 2.5275874982892566
0.11157574064915268 2.5235757406491524
0.11357661504053602 2.519576615040537
0.11559000000000003 2.5155900000000004
0.11761577504046404 2.511615775040464
0.11965382064684862 2.507653820646849
0.12170401827175929 2.5037040182717596
0.12376625033117696 2.499766250331177
0.12584040020015622 2.495840400200157
0.12792635220853057 2.491926352208531
0.13002399163662448 2.4880239916366245
0.13213320471097342 2.484133204710974
0.13425387860005042 2.4802538786000508
0.13638590140999998 2.47638590141
0.13852916218037958 2.47252916218038
0.14068355087990786 2.4686835508799083
0.1428489584022201 2.4648489584022197
0.14502527656163133 2.4610252765616316
0.1472123980889063 2.457212398088907
0.14941021662703616 2.4534102166270366
0.15161862672702375 2.449618626727024
0.15383752384367422 2.4458375238436743
0.15606680433139478 2.442066804331395
0.15830636543999999 2.43830636544
0.1605561053105252 2.4345561053105254
0.16281592297104702 2.430815922971047
0.1650857183325109 2.4270857183325107
0.16736539218456575 2.4233653921845657
0.16965484619140625 2.4196548461914062
0.1719539828876218 2.4159539828876215
0.1742627056740529 2.412262705674053
0.17658091881365504 2.4085809188136547
0.1789085274273692 2.4049085274273687
0.18124543749 2.4012454374899996
0.18359155582610084 2.3975915558261005
0.18594679010586626 2.3939467901058666
0.1883110488410317 2.3903110488410313
0.19068424138078024 2.38668424138078
0.19306627790765626 2.3830662779076563
0.1954570694334873 2.3794570694334873
0.19785652779531213 2.375856527795312
0.2002645656513159 2.372264565651316
0.20268109647677365 2.3686810964767737
0.20510603456 2.36510603456
0.2075392949983063 2.3615392949983063
0.20998079369396544 2.3579807936939647
0.21243044735018246 2.354430447350182
0.21488817346707453 2.3508881734670743
0.21735389033765623 2.3473538903376556
0.21982751704383288 2.3438275170438327
0.22230897345240128 2.3403089734524007
0.22479818021105658 2.3367981802110562
0.22729505874440797 2.3332950587444072
0.22979953124999997 2.3297995312499995
0.232311520694342 2.3263115206943414
0.23483095080894464 2.322830950808944
0.23735774608636326 2.3193577460863626
0.2398918317762489 2.315891831776249
0.24243313388140625 2.312433133881406
0.2449815791538585 2.3089815791538584
0.2475370950909205 2.30553709509092
0.2500996099312774 2.302099609931277
0.25266905265107237 2.298669052651072
0.25524535296 2.2952453529599994
0.2578284412974076 2.2918284412974073
0.2604182488284038 2.2884182488284033
0.2630147074399741 2.2850147074399736
0.26561774973710334 2.281617749737103
0.26822730903890624 2.278227309038906
0.27084331937476414 2.2748433193747637
0.2734657154804696 2.271465715480469
0.2760944327943782 2.2680944327943777
0.27872940745356684 2.2647294074535664
0.28137057629 2.2613705762899996
0.2840178768267032 2.258017876826703
0.28667124727394305 2.254671247273944
0.2893306265254148 2.2513306265254145
0.2919959541544378 2.2479959541544385
0.29466717041015617 2.2446671704101555
0.29734421621374985 2.2413442162137502
0.30002703315464874 2.238027033154648
0.3027155634867591 2.2347155634867595
0.3054097501246911 2.23140975012469
0.30810953664000007 2.2281095366400008
0.3108148672574287 2.2248148672574284
0.3135256868511623 2.2215256868511633
0.3162419409410856 2.218241940941085
0.3189635756890522 2.214963575689053
0.32169053789515617 2.211690537895156
0.3244227749940155 2.2084227749940166
0.32716023505105796 2.205160235051057
0.3299028667588199 2.2019028667588207
0.33265061943324553 2.198650619433245
0.33540344301000014 2.1954034430100005
0.33816128804078427 2.1921612880407833
0.34092410568966147 2.188924105689662
0.3436918477293865 2.1856918477293856
0.34646446653774665 2.182464466537747
0.34924191509390623 2.1792419150939053
0.35202414697476114 2.176024146974762
0.35481111635129725 2.1728111163512964
0.35760277798496076 2.1696027779849616
0.3603990872240299 2.166399087224029
0.3632000000000002 2.1632000000000007
0.36600547282397 2.1600054728239697
0.3688154627830408 2.156815462783041
0.37162992753671725 2.153629927536717
0.3744488253133211 2.1504488253133207
0.3772721149064062 2.147272114906407
0.3800997556711866 2.144099755671187
0.3829317075209665 2.140931707520967
0.3857679309235814 2.1377679309235815
0.38860838689784444 2.134608386897845
0.39145303701 2.1314530370100004
0.39430184337018565 2.1283018433701857
0.39715476862889987 2.1251547686289007
0.40001177597347815 2.1220117759734785
0.40287282912457545 2.118872829124576
0.4057378923326564 2.115737892332657
0.40860693037449214 2.1126069303744925
0.41147990854966576 2.1094799085496665
0.4143567926770822 2.1063567926770825
0.41723754909148886 2.103237549091489
0.42012214464000003 2.1001221446400002
0.4230105466786313 2.0970105466786313
0.4259027230688391 2.0939027230688394
0.4287986421740689 2.090798642174069
0.43169827285630985 2.08769827285631
0.43460158447265634 2.0846015844726566
0.4375085468718778 2.0815085468718784
0.4404191303909949 2.0784191303909947
0.44333330585186304 2.0753333058518635
0.4462510445577633 2.0722510445577638
0.44917231829000004 2.06917231829
0.4520970993045069 2.066097099304507
0.4550253603284583 2.0630253603284587
0.4579570745568898 2.05995707455689
0.46089221564932426 2.0568922156493246
0.4638307577264062 2.0538307577264057
0.4667726753665433 2.0507726753665434
0.469717943602554 2.047717943602554
0.4726665379183238 2.0446665379183235
0.4756184342454675 2.0416184342454677
0.4785736089599999 2.0385736089599997
0.48153203887901236 2.035532038879012
0.4844937012573574 2.0324937012573576
0.4874585737843405 2.0294585737843405
0.4904266345804185 2.0264266345804183
0.49339786219390624 2.0233978621939066
0.49637223559768895 2.0203722355976885
0.4993497341859432 2.0173497341859434
0.5023303377708647 2.014330337770865
0.5053140265794019 2.011314026579402
0.50830078125 2.00830078125
0.5112905828293479 2.0052905828293484
0.5142834127691366 2.002283412769137
0.5172792529228213 1.9992792529228212
0.5202780855423931 1.9962780855423932
0.5232798932751563 1.9932798932751563
0.5262846591605145 1.9902846591605146
0.5292923666267625 1.9872923666267623
0.5323029994878855 1.9843029994878854
0.5353165419403664 1.9813165419403662
0.5383329785600001 1.97833297856
0.5413522942987137 1.9753522942987136
0.5443744744813958 1.9723744744813958
0.5473995048027321 1.9693995048027324
0.5504273713240474 1.9664273713240474
0.5534580604701563 1.9634580604701561
0.5564915590262204 1.9604915590262202
0.5595278541346118 1.9575278541346115
0.5625669332917863 1.954566933291786
0.5656087843451609 1.9516087843451608
0.56865339549 1.9486533954899998
0.5717007552663093 1.9457007552663095
0.5747508525557352 1.9427508525557353
0.577803676578473 1.939803676578473
0.5808592168901818 1.9368592168901817
0.5839174633789064 1.933917463378906
0.5869784062620058 1.9309784062620057
0.5900420360830911 1.928042036083091
0.5931083437089671 1.9251083437089669
0.5961773203265852 1.9221773203265853
0.5992489574400001 1.9192489574399993
0.602323246867335 1.916323246867335
0.605400180737754 1.9134001807377536
0.6084797514884437 1.9104797514884444
0.611561951861596 1.9075619518615958
0.6146467749014063 1.904646774901407
0.6177342139510711 1.901734213951071
0.6208242626498001 1.8988242626498006
0.6239169149298277 1.8959169149298274
0.6270121650134396 1.8930121650134404
0.6301100074099998 1.8901100074099995
0.6332104369129905 1.8872104369129914
0.6363134485970532 1.884313448597053
0.6394190378150446 1.8814190378150453
0.6425272001950904 1.8785272001950903
0.6456379316376563 1.8756379316376568
0.6487512283126168 1.8727512283126164
0.6518670866563394 1.8698670866563403
0.6549855033687685 1.8669855033687681
0.658106475410524 1.8641064754105248
0.6612299999999999 1.8612299999999993
0.6643560746104761 1.8583560746104766
0.6674846969672324 1.8554846969672318
0.6706158650446755 1.8526158650446762
0.6737495770634648 1.8497495770634644
0.6768858314876564 1.8468858314876568
0.6800246270218424 1.8440246270218419
0.6831659626083086 1.8411659626083092
0.6863098374241893 1.8383098374241889
0.6894562508786386 1.8354562508786392
0.6926052026099998 1.8326052026099995
0.6957566924829919 1.8297566924829924
0.6989107205858917 1.826910720585891
0.7020672872277364 1.8240672872277366
0.7052263929355193 1.8212263929355186
0.7083880384514065 1.8183880384514068
0.7115522247299481 1.8155522247299476
0.714718952935308 1.8127189529353085
0.71788822443849 1.8098882244384893
0.721060040814583 1.8070600408145834
0.7242344038399999 1.8042344038399993
0.7274113154897375 1.8014113154897382
0.7305907779346309 1.7985907779346304
0.733772793538627 1.7957727935386274
0.7369573648560537 1.792957364856053
0.7401444946289064 1.7901444946289071
0.7433341857841336 1.7873341857841332
0.7465264414309372 1.7845264414309376
0.7497212648580709 1.7817212648580705
0.7529186595311574 1.7789186595311577
0.7561186290899998 1.776118629089999
0.7593211773459131 1.7733211773459134
0.7625263082790501 1.7705263082790499
0.7657340260357479 1.7677340260357484
0.7689443349258681 1.7649443349258678
0.7721572394201566 1.7621572394201568
0.7753727441475993 1.7593727441475988
0.7785908538927963 1.7565908538927966
0.7818115735933318 1.7538115735933308
0.7850349083371619 1.7510349083371621
0.7882608633599998 1.7482608633599992
0.7914894440427186 1.7454894440427189
0.7947206559087494 1.7427206559087485
0.7979545046214988 1.7399545046214993
0.8011909959817625 1.7371909959817626
0.8044301359251562 1.7344301359251564
0.807671930519545 1.7316719305195454
0.8109163859624853 1.7289163859624852
0.8141635085786726 1.7261635085786726
0.8174133048173958 1.723413304817396
0.8206657812499999 1.7206657812500001
0.823920944567354 1.717920944567354
0.8271788015773285 1.7151788015773286
0.8304393592022793 1.7124393592022795
0.8337026244765369 1.7097026244765372
0.8369686045439062 1.706968604543906
0.8402373066551705 1.7042373066551708
0.8435087381656045 1.7015087381656047
0.8467829065324933 1.6987829065324933
0.8500598193126604 1.6960598193126604
0.8533394841599999 1.6933394841600002
0.8566219088230196 1.6906219088230197
0.8599071011423879 1.6879071011423878
0.8631950690484901 1.6851950690484905
0.8664858205589914 1.6824858205589914
0.8697793637764063 1.679779363776406
0.8730757068856762 1.6770757068856763
0.8763748581517538 1.6743748581517537
0.8796768259171941 1.6716768259171941
0.8829816185997547 1.6689816185997548
0.88628924469 1.66628924469
0.889599712748915 1.6635997127489153
0.892913031405527 1.6609130314055272
0.8962292093545309 1.6582292093545308
0.8995482553539258 1.655548255353926
0.9028701782226562 1.6528701782226562
0.9061949868382617 1.6501949868382615
0.9095226901345328 1.6475226901345328
0.9128532970991751 1.6448532970991752
0.9161868167714792 1.642186816771479
0.9195232582399999 1.63952325824
0.9228626306402409 1.636862630640241
0.9262049431523462 1.6342049431523462
0.9295502049988018 1.631550204998802
0.9328984254421402 1.6288984254421401
0.9362496137826561 1.626249613782656
0.9396037793561275 1.6236037793561273
0.942960931531542 1.620960931531542
0.9463210797088357 1.6183210797088359
0.9496842333166335 1.6156842333166335
0.95305040181 1.6130504018099998
0.9564195946681965 1.610419594668196
0.9597918213924453 1.6077918213924454
0.9631670915037025 1.6051670915037022
0.9665454145404346 1.6025454145404343
0.9699268000564064 1.5999268000564064
0.973311257618473 1.597311257618473
0.9766987968043814 1.594698796804381
0.9800894272005767 1.5920894272005768
0.9834831584000181 1.5894831584000177
0.9868800000000001 1.5868799999999998
0.9902799615999822 1.5842799615999819
0.9936830527994247 1.5816830527994248
0.9970892831956334 1.5790892831956331
1.0004986623816092 1.5764986623816089
1.0039111999439063 1.5739111999439062
1.0073269054604987 1.5713269054604984
1.0107457884986502 1.56874578849865
1.0141678586127978 1.5661678586127983
1.0175931253424322 1.563593125342432
1.0210215982100002 1.5610215982100006
1.0244532867187974 1.5584532867187975
1.027888200350884 1.5558882003508845
1.0313263485649937 1.5533263485649937
1.0347677407944638 1.550767740794464
1.0382123864451558 1.5482123864451556
1.0416602948934044 1.5456602948934046
1.0451114754839492 1.5431114754839492
1.0485659375278984 1.5405659375278988
1.0520236903006766 1.5380236903006763
1.0554847430400003 1.5354847430400005
1.0589491049438429 1.5329491049438426
1.0624167851684234 1.5304167851684238
1.0658877928261845 1.5278877928261843
1.069362136983798 1.5253621369837984
1.072839826660156 1.5228398266601555
1.0763208708243899 1.5203208708243903
1.0798052783938783 1.5178052783938782
1.0832930582322795 1.5152930582322799
1.086784219147551 1.5127842191475507
1.0902787698900003 1.5102787698900006
1.0937767191503183 1.507776719150318
1.0972780755576423 1.5052780755576427
1.1007828476776054 1.5027828476776048
1.1042910440104126 1.500291044010413
1.107802672988906 1.4978026729889056
1.1113177429766559 1.4953177429766558
1.1148362622660377 1.4928362622660376
1.1183582390763402 1.4903582390763406
1.1218836815518551 1.4878836815518548
1.1254125977600002 1.4854125977600006
1.1289449956894242 1.4829449956894236
1.1324808832481417 1.480480883248142
1.1360202682616563 1.4780202682616561
1.1395631584711068 1.4755631584711073
1.143109561531406 1.4731095615314056
1.1466594850094014 1.4706594850094015
1.150212936382027 1.4682129363820269
1.153769923034481 1.4657699230344812
1.1573304522583898 1.4633304522583894
1.1608945312500003 1.4608945312500003
1.1644621671083597 1.4584621671083593
1.168033366833521 1.456033366833521
1.1716081373247371 1.453608137324737
1.175186485378681 1.4511864853786813
1.178768417687656 1.4487684176876554
1.1823539408378267 1.446353940837827
1.1859430613074464 1.443943061307446
1.1895357854651019 1.441535785465102
1.193132119567954 1.4391321195679538
1.1967320697600001 1.4367320697600003
1.2003356420703253 1.4343356420703248
1.2039428424113803 1.4319428424113805
1.2075536765772479 1.4295536765772474
1.2111681502419356 1.427168150241936
1.214786268957656 1.4247862689576558
1.2184080381531326 1.4224080381531325
1.2220334631318956 1.4200334631318952
1.2256625490706028 1.4176625490706027
1.2292953010173489 1.4152953010173488
1.23293172389 1.41293172389
1.236571822474521 1.4105718224745212
1.240215601423319 1.4082156014233191
1.2438630652535887 1.405863065253589
1.2475142183456696 1.40351421834567
1.2511690649414062 1.4011690649414064
1.2548276091425177 1.3988276091425178
1.258489854908975 1.3964898549089748
1.262155806057383 1.394155806057383
1.265825466259373 1.3918254662593732
1.26949883904 1.38949883904
1.2731759277761467 1.387175927776147
1.276856735694938 1.384856735694938
1.2805412658721596 1.3825412658721599
1.284229521230684 1.3802295212306843
1.287921504538906 1.3779215045389064
1.2916172184091832 1.375617218409183
1.295316665296284 1.3733166652962843
1.2990198474958439 1.371019847495844
1.3027267671428275 1.3687267671428276
1.30643742621 1.3664374262099999
1.3101518265064023 1.3641518265064025
1.3138699696758376 1.3618699696758376
1.3175918571953604 1.3595918571953605
1.3213174903737785 1.3573174903737786
1.3250468703501563 1.3550468703501564
1.3287799980923287 1.352779998092329
1.3325168743954232 1.3505168743954232
1.3362574998803844 1.3482574998803847
1.3400018749925122 1.346001874992512
1.34375 1.34375
1.3475018749924879 1.3415018749924879
1.3512574998796167 1.3392574998796167
1.3550168743895914 1.3370168743895914
1.358779998067753 1.3347799980677528
1.3625468702751562 1.3325468702751562
1.3663174901871544 1.3303174901871544
1.3700918567919926 1.3280918567919926
1.3738699688894054 1.3258699688894056
1.3776518250892265 1.3236518250892264
1.3814374238099998 1.32143742381
1.3852267632776036 1.3192267632776036
1.389019841523876 1.3170198415238759
1.3928166563852522 1.3148166563852521
1.3966172055014074 1.3126172055014074
1.4004214863139062 1.310421486313906
1.4042294960648602 1.3082294960648602
1.4080412317955915 1.3060412317955916
1.4118566903453063 1.3038566903453062
1.4156758683497708 1.3016758683497707
1.4194987622400004 1.29949876224
1.4233253682409492 1.297325368240949
1.4271556823702152 1.295155682370215
1.430989700436743 1.292989700436743
1.4348274180395417 1.2908274180395418
1.4386688305664064 1.2886688305664062
1.4425139331926462 1.2865139331926458
1.446362720879821 1.284362720879821
1.4502151883744872 1.282215188374487
1.4540713302069452 1.280071330206945
1.4579311406900002 1.27793114069
1.4617946139177251 1.275794613917725
1.4656617437642343 1.2736617437642344
1.4695325238824637 1.2715325238824635
1.4734069477029565 1.2694069477029561
1.4772850084326565 1.2672850084326561
1.4811666990537113 1.2651666990537114
1.4850520123222801 1.26305201232228
1.488940940767348 1.2609409407673475
1.4928334766895497 1.2588334766895495
1.4967296121600002 1.2567296121599996
1.5006293390191305 1.2546293390191305
1.5045326488755337 1.2525326488755333
1.5084395331048148 1.2504395331048144
1.5123499828484506 1.2483499828484506
1.5162639890126564 1.2462639890126561
1.520181542267257 1.244181542267257
1.5241026330445695 1.2421026330445692
1.5280272515382887 1.2400272515382886
1.531955387702384 1.237955387702384
1.5358870312500001 1.2358870312499999
1.5398221716523663 1.2338221716523659
1.5437607981377128 1.2317607981377126
1.5477028996901954 1.2297028996901953
1.5516484650488254 1.227648465048825
1.5555974827064063 1.225597482706406
1.5595499409084828 1.2235499409084827
1.5635058276522886 1.2215058276522883
1.5674651306857097 1.2194651306857094
1.5714278375062487 1.2174278375062484
1.5753939353600002 1.2153939353599998
1.5793634112406318 1.2133634112406315
1.583336251888372 1.2113362518883717
1.5873124437890058 1.2093124437890062
1.5912919731728792 1.2072919731728793
1.5952748260139065 1.2052748260139066
1.599260988028588 1.203260988028588
1.6032504446750375 1.2012504446750378
1.6072431811520103 1.1992431811520103
1.6112391823979426 1.197239182397943
1.6152384330899998 1.19523843309
1.619240917643127 1.1932409176431273
1.623246620209111 1.1912466202091112
1.6272555246756468 1.189255524675647
1.6312676146654135 1.1872676146654138
1.635282873535156 1.1852828735351566
1.6393012843747738 1.1833012843747739
1.6433228300064167 1.181322830006417
1.647347492983591 1.179347492983591
1.6513752555902672 1.1773752555902672
1.6554060998399998 1.17540609984
1.6594400074750526 1.1734400074750528
1.66347695996553 1.1714769599655304
1.6675169385085178 1.1695169385085178
1.671559924027228 1.1675599240272283
1.6756058971701562 1.1656058971701564
1.6796548383102392 1.1636548383102394
1.6837067275440263 1.1617067275440263
1.6877615446908516 1.159761544690852
1.6918192692920215 1.1578192692920217
1.69587988061 1.1558798806100001
1.6999433576276082 1.1539433576276084
1.7040096790472292 1.1520096790472294
1.7080788232900184 1.1500788232900185
1.7121507684951225 1.1481507684951224
1.7162254925189064 1.1462254925189064
1.720302972934185 1.144302972934185
1.7243831870294652 1.1423831870294654
1.7284661118081928 1.1404661118081927
1.7325517239880062 1.138551723988006
1.73664 1.13664
1.740730915987994 1.1347309159879941
1.7448244478078085 1.1328244478078087
1.7489205710265494 1.1309205710265495
1.7530192609218969 1.129019260921897
1.7571204924814063 1.1271204924814062
1.7612242404018106 1.1252242404018107
1.7653304790883344 1.1233304790883345
1.7694391826540137 1.1214391826540135
1.7735503249190205 1.1195503249190204
1.77766387941 1.11766387941
1.7817798193594094 1.1157798193594097
1.7858981177048678 1.113898117704868
1.79001874708851 1.1120187470885101
1.7941416798563512 1.1101416798563513
1.7982668880576564 1.1082668880576563
1.8023943434443161 1.1063943434443164
1.8065240174702337 1.1045240174702338
1.8106558812907143 1.1026558812907143
1.8147899057618648 1.1007899057618649
1.8189260614399996 1.09892606144
1.823064318581055 1.0970643185810554
1.827204647140007 1.0952046471400072
1.8313470167703005 1.0933470167703008
1.8354913968232855 1.0914913968232856
1.8396377563476562 1.0896377563476562
1.8437860640889017 1.0877860640889017
1.8479362884887631 1.0859362884887631
1.8520883976846951 1.0840883976846951
1.8562423595093391 1.0822423595093391
1.8603981414900002 1.08039814149
1.8645557108481308 1.0785557108481307
1.8687150344988261 1.076715034498826
1.8728760790503216 1.0748760790503218
1.8770388108035003 1.0730388108035003
1.8812031957514062 1.071203195751406
1.8853691995787678 1.0693691995787675
1.8895367876615223 1.0675367876615223
1.893705925066356 1.0657059250663559
1.8978765765502437 1.0638765765502436
1.90204870656 1.06204870656
1.9062222792318366 1.0602222792318365
1.9103972583909257 1.0583972583909256
1.9145736075509725 1.0565736075509726
1.9187512899137946 1.0547512899137947
1.9229302683689062 1.0529302683689064
1.927110505493113 1.051110505493113
1.9312919635501113 1.0492919635501112
1.9354746044900966 1.0474746044900967
1.9396583899493782 1.0456583899493779
1.9438432812500002 1.04384328125
1.9480292393993721 1.042029239399372
1.9522162250899049 1.0402162250899045
1.9564041986986536 1.0384041986986534
1.9605931202869693 1.0365931202869691
1.9647829496001563 1.0347829496001562
1.9689736460671385 1.0329736460671386
1.9731651688001306 1.0311651688001304
1.9773574765943176 1.0293574765943174
1.9815505279275425 1.0275505279275423
1.98574428096 1.02574428096
1.9899386935339378 1.0239386935339376
1.994133723173364 1.0221337231733638
1.998329327083764 1.020329327083764
2.0025254621518234 1.0185254621518234
2.0067220849451566 1.0167220849451561
2.010919151712044 1.0149191517120442
2.01511661838118 1.0131166183811797
2.0193144405614185 1.011314440561418
2.023512573541537 1.009512573541537
2.02771097229 1.00771097229
2.0319095914547334 1.0059095914547331
2.0361083853629034 1.004108385362903
2.0403073080207053 1.0023073080207046
2.044506313113158 1.0005063131131577
2.0487053540039066 0.9987053540039061
2.05290438373503 0.9969043837350298
2.057103355026859 0.9951033550268588
2.061302220277799 0.993302220277799
2.065500931564161 0.9915009315641611
2.06969944064 0.9896994406399999
2.073897698936959 0.9878976989369588
2.0780956575641225 0.9860956575641222
2.0822932673078762 0.9842932673078756
2.0864904786317724 0.9824904786317721
2.090687241676407 0.9806872416764061
2.0948835062592956 0.9788835062592953
2.099079221874768 0.9770792218747679
2.1032743376938594 0.9752743376938597
2.1074688025642154 0.9734688025642158
2.1116625650099996 0.9716625650100001
2.1158555732318143 0.9698555732318145
2.120047775106621 0.9680477751066214
2.1242391181876763 0.9662391181876766
2.128429549704466 0.9644295497044666
2.132619016562656 0.9626190165626562
2.1368074653440408 0.960807465344041
2.140994842306507 0.9589948423065073
2.1451810933840005 0.9571810933840006
2.1493661641864996 0.9553661641865001
2.1535499999999996 0.95355
2.1577325457864998 0.9517325457865
2.1619137461840006 0.9499137461840008
2.166093545506507 0.9480935455065073
2.1702718877440406 0.946271887744041
2.174448716562656 0.9444487165626563
2.1786239753044665 0.9426239753044667
2.1827976069876764 0.9407976069876767
2.186969554306621 0.9389695543066214
2.1911397596318145 0.9371397596318145
2.1953081650099997 0.9353081650100001
2.1994747121642155 0.9334747121642157
2.20363934249386 0.9316393424938598
2.207801997074768 0.9298019970747682
2.2119626166592954 0.9279626166592956
2.216121141676406 0.9261211416764061
2.220277512231772 0.9242775122317721
2.2244316681078757 0.9224316681078759
2.228583548764122 0.9205835487641223
2.2327330933369587 0.9187330933369589
2.2368802406399997 0.9168802406400001
2.241024929164161 0.9150249291641614
2.2451670970777986 0.9131670970777991
2.249306682226859 0.911306682226859
2.2534436221350296 0.9094436221350298
2.257577854003906 0.9075778540039063
2.261709314713158 0.905709314713158
2.2658379408207048 0.9038379408207049
2.269963668562903 0.9019636685629031
2.274086433854733 0.9000864338547332
2.27820617229 0.8982061722900001
2.2823228191415366 0.8963228191415369
2.286436309361418 0.8944363093614183
2.2905465775811797 0.8925465775811797
2.294653558112044 0.8906535581120443
2.2987571849451562 0.8887571849451563
2.3028573917518234 0.8868573917518234
2.306954111883764 0.884954111883764
2.3110472783733638 0.8830472783733638
2.3151368239339374 0.8811368239339377
2.31922268096 0.87922268096
2.3233047815275425 0.8773047815275425
2.3273830573943175 0.8753830573943174
2.33145744000013 0.8734574400001305
2.3355278604671383 0.8715278604671386
2.339594249600156 0.8695942496001561
2.343656537886969 0.867656537886969
2.3477146554986534 0.8657146554986533
2.3517685322899045 0.8637685322899046
2.355818097799372 0.861818097799372
2.35986328125 0.85986328125
2.3639040115493777 0.8579040115493779
2.3679402172900965 0.8559402172900965
2.3719718267501113 0.8539718267501113
2.3759987678931127 0.8519987678931129
2.380020968368906 0.8500209683689062
2.3840383555137947 0.8480383555137945
2.388050856350972 0.8460508563509725
2.3920583975909255 0.8440583975909255
2.3960609056318365 0.8420609056318364
2.40005830656 0.84005830656
2.4040505261502436 0.8380505261502436
2.4080374898663557 0.8360374898663558
2.412019122861522 0.8340191228615221
2.4159953499787674 0.8319953499787673
2.4199660957514064 0.8299660957514062
2.4239312844035004 0.8279312844035001
2.427890839850322 0.8258908398503216
2.4318446856988265 0.8238446856988262
2.435792745248131 0.8217927452481307
2.43973494149 0.8197349414899999
2.443671197109339 0.8176711971093392
2.447601434484695 0.8156014344846949
2.4515255756887626 0.8135255756887628
2.4554435424889016 0.8114435424889017
2.4593552563476564 0.8093552563476561
2.463260638423286 0.8072606384232857
2.467159609570301 0.8051596095703009
2.471052090340007 0.8030520903400069
2.474938000981055 0.8009380009810552
2.4788172614400006 0.79881726144
2.482689791361865 0.7966897913618647
2.486555510090714 0.7945555100907141
2.4904143366702343 0.7924143366702336
2.494266189844316 0.7902661898443161
2.498110988057656 0.7881109880576562
2.5019486494563514 0.7859486494563512
2.5057790918885106 0.78377909188851
2.509602232904868 0.7816022329048677
2.5134179897594096 0.7794179897594096
2.51722627941 0.7772262794099999
2.5210270185190207 0.7750270185190204
2.5248201234540137 0.7728201234540134
2.528605510288335 0.7706055102883343
2.5323830948018107 0.7683830948018104
2.5361527924814067 0.7661527924814062
2.539914518521897 0.7639145185218968
2.5436681878265492 0.7616681878265492
2.5474137150078087 0.7594137150078086
2.5511510143879943 0.7571510143879939
2.55488 0.7548799999999999
2.558600585588006 0.7526005855880059
2.5623126846081927 0.7503126846081924
2.566016210229466 0.7480162102294652
2.569711075334185 0.7457110753341849
2.5733971925189065 0.7433971925189061
2.577074474095123 0.7410744740951224
2.580742832090019 0.7387428320900183
2.5844021782472297 0.7364021782472293
2.588052424027608 0.7340524240276083
2.59169348061 0.7316934806099997
2.5953252588920215 0.7293252588920215
2.598947669490852 0.7269476694908518
2.6025606227440257 0.7245606227440262
2.6061640287102392 0.7221640287102395
2.6097577971701558 0.7197577971701563
2.613341837627228 0.7173418376272283
2.6169160593085175 0.7149160593085178
2.62048037116553 0.7124803711655303
2.624034681875053 0.7100346818750529
2.6275788998399996 0.7075788998400001
2.631112933190267 0.7051129331902674
2.6346366897835907 0.7026366897835912
2.638150077206417 0.700150077206417
2.641653002774774 0.6976530027747739
2.645145373535156 0.6951453735351564
2.6486270962654137 0.692627096265414
2.652098077475647 0.6900980774756469
2.655558223409111 0.6875582234091112
2.659007440043127 0.6850074400431273
2.66244563309 0.6824456330900002
2.6658727079979427 0.6798727079979429
2.6692885699520104 0.6772885699520104
2.6726931238750375 0.6746931238750378
2.676086274428588 0.6720862744285883
2.6794679260139063 0.6694679260139063
2.682837982772879 0.6668379827728794
2.686196348589006 0.6641963485890061
2.6895429270883717 0.6615429270883719
2.6928776216406316 0.6588776216406317
2.6962003353600004 0.6562003353600001
2.699510971106248 0.6535109711062486
2.7028094314857096 0.6508094314857096
2.706095618852288 0.6480956188522885
2.7093694353084823 0.6453694353084826
2.7126307827064062 0.6426307827064064
2.7158795626488246 0.639879562648825
2.719115676490195 0.6371156764901953
2.722339025337713 0.6343390253377127
2.7255495100523657 0.631549510052366
2.7287470312499997 0.6287470312500001
2.731931489302384 0.6259314893023841
2.735102784338289 0.6231027843382887
2.738260816244569 0.6202608162445693
2.741405484667257 0.617405484667257
2.744536689012656 0.6145366890126562
2.7476543284484505 0.6116543284484506
2.7507583019048143 0.6087583019048146
2.7538485080755333 0.6058485080755336
2.7569248454191304 0.6029248454191304
2.75998721216 0.5999872121600001
2.7630355062895497 0.5970355062895496
2.7660696255673476 0.5940696255673479
2.76908946752228 0.5910894675222802
2.7720949294537114 0.5880949294537113
2.775085908432656 0.5850859084326563
2.778062301302956 0.5820623013029562
2.7810240046824637 0.5790240046824637
2.7839709149642347 0.5759709149642342
2.7869029283177245 0.5729029283177248
2.78981994069 0.56981994069
2.792721847806945 0.5667218478069451
2.7956085451744874 0.563608545174487
2.7984799280798205 0.5604799280798209
2.801335891592646 0.5573358915926457
2.8041763305664062 0.5541763305664062
2.807001139639542 0.5510011396395418
2.8098102132367426 0.5478102132367428
2.8126034455702147 0.544603445570215
2.8153807306409493 0.5413807306409493
2.8181419622400004 0.53814196224
2.820887033949771 0.5348870339497708
2.8236158391453063 0.5316158391453063
2.826328270995592 0.5283282709955918
2.8290242224648603 0.5250242224648601
2.831703586313906 0.5217035863139062
2.8343662551014073 0.5183662551014073
2.8370121211852517 0.5150121211852521
2.839641076723876 0.5116410767238757
2.8422530136776034 0.5082530136776036
2.84484782381 0.50484782381
2.8474253986892264 0.5014253986892263
2.8499856296894057 0.4979856296894054
2.8525284079919926 0.49452840799199244
2.8550536245871547 0.4910536245871545
2.857561170275156 0.48756117027515616
2.860050935667753 0.4840509356677529
2.8625228111895913 0.48052281118959117
2.8649766870796167 0.4769766870796166
2.8674124533924883 0.473412453392488
2.86983 0.46982999999999986
2.8722292165925123 0.46622921659251193
2.8746099926803845 0.4626099926803845
2.8769722175954233 0.45897221759542317
2.879315780492329 0.4553157804923289
2.8816405703501564 0.45164057035015615
2.8839464759737785 0.4479464759737785
2.886233385995361 0.4442333859953604
2.888501188875838 0.44050118887583734
2.8907497729064024 0.4367497729064023
2.8929790262100004 0.4329790262099999
2.895188836742828 0.4291888367428275
2.897379092295844 0.4253790922958437
2.899549680496284 0.421549680496284
2.9017004888091833 0.4177004888091832
2.9038314045389066 0.4138314045389061
2.905942314830684 0.409942314830684
2.9080331066721596 0.4060331066721596
2.9101036668949383 0.4021036668949381
2.9121538821761472 0.39815388217614667
2.91418363904 0.3941836390399998
2.9161928238593733 0.39019282385937304
2.918181322857383 0.3861813228573829
2.9201490221089754 0.3821490221089747
2.922095807542518 0.3780958075425176
2.9240215649414063 0.37402156494140604
2.92592617994567 0.3699261799456696
2.927809538053589 0.3658095380535887
2.929671524623319 0.36167152462331886
2.9315120248745217 0.357512024874521
2.93333092389 0.3533309238899998
2.935128106617349 0.3491281066173486
2.9369034578706024 0.344903457870602
2.9386568623318956 0.3406568623318954
2.940388204553132 0.33638820455313195
2.9420973689576564 0.33209736895765596
2.9437842398419356 0.3277842398419351
2.945448701377248 0.3234487013772479
2.94709063761138 0.3190906376113801
2.9487099324703254 0.31470993247032586
2.9503064697599997 0.3103064697600002
2.951880133167954 0.30588013316795465
2.9534308062651013 0.30143080626510166
2.9549583725074466 0.2969583725074467
2.9564627152378264 0.29246271523782674
2.957943717687656 0.2879437176876565
2.9594012629786812 0.2834012629786812
2.9608352341247377 0.2788352341247375
2.9622455140335204 0.2742455140335209
2.96363198550836 0.2696319855083602
2.96499453125 0.26499453125000016
2.96633303385839 0.26033303385839024
2.967647375834481 0.25564737583448083
2.968937439582027 0.25093743958202747
2.970203107409401 0.24620310740940116
2.9714442615314063 0.24144426153140644
2.972660784071106 0.23666078407110674
2.9738525570616563 0.2318525570616567
2.9750194624481416 0.2270194624481416
2.9761613820894244 0.22216138208942457
2.97727819776 0.21727819776000015
2.9783697911518554 0.21236979115185575
2.97943604387634 0.20743604387634001
2.980476837466038 0.20247683746603826
2.9814920533766553 0.1974920533766555
2.9824815729889065 0.1924815729889064
2.983445277610412 0.18744527761041233
2.9843830484776057 0.18238304847760584
2.985294766757642 0.17729476675764239
2.9861803135503187 0.17218031355031893
2.98703956989 0.16703956989000013
2.9878724167475514 0.16187241674755137
2.988678735032279 0.15667873503227916
2.989458405593879 0.15145840559387902
2.9902113092243896 0.14621130922438988
2.9909373266601564 0.14093732666015638
2.9916363385837976 0.1356363385837979
2.992308225626185 0.130308225626185
2.9929528683684232 0.12495286836842313
2.993570147343843 0.1195701473438433
2.9941599430399997 0.1141599430400001
2.994722135900677 0.10872213590067692
2.9952566063278985 0.10325660632789833
2.9957632346839493 0.09776323468394978
2.9962419012934043 0.09224190129340425
2.996692486445156 0.08669248644515633
2.9971148703944634 0.08111487039446343
2.9975089333649945 0.07550893336499416
2.997874555550884 0.0698745555508839
2.9982116171187974 0.06421161711879766
2.9985199982100004 0.05851999821000005
2.998799578942432 0.05279957894243246
2.9990502394127976 0.047050239412797484
2.9992718596986503 0.04127185969865052
2.9994643198604987 0.03546431986049859
2.999627499943906 0.029627499943906274
2.9997612799816094 0.023761279981608978
2.9998655399956333 0.017865539995633305
2.9999401599994244 0.01194015999942465
2.999985019999982 0.005985019999982016
0 3 0
0 2 0
1 2 0
1 1 0
2 1 0
3 1 0
3 0 0
