5.0 0.0
4.990133642141358 0.31395259764656686
4.9605735065723895 0.6266661678215213
4.911436253643443 0.936906572928623
4.842915805643155 1.243449435824274
4.755282581475767 1.545084971874737
4.648882429441257 1.8406227634233896
4.524135262330098 2.1288964578253635
4.381533400219318 2.4087683705085765
4.221639627510076 2.679133974894983
4.045084971874737 2.938926261462366
3.852566213878946 3.1871199487434483
3.644843137107058 3.422735529643443
3.422735529643443 3.644843137107058
3.1871199487434487 3.852566213878946
2.9389262614623664 4.045084971874736
2.6791339748949827 4.221639627510076
2.4087683705085756 4.381533400219318
2.1288964578253635 4.524135262330098
1.8406227634233905 4.648882429441256
1.5450849718747373 4.755282581475767
1.2434494358242736 4.842915805643155
0.9369065729286237 4.911436253643443
0.6266661678215224 4.960573506572389
0.31395259764656763 4.990133642141358
3.061616997868383e-16 5.0
-0.313952597646567 4.990133642141358
-0.6266661678215207 4.9605735065723895
-0.936906572928623 4.911436253643443
-1.2434494358242743 4.842915805643155
-1.5450849718747355 4.755282581475768
-1.8406227634233887 4.648882429441257
-2.1288964578253635 4.524135262330097
-2.408768370508577 4.381533400219317
-2.6791339748949845 4.221639627510075
-2.938926261462365 4.045084971874737
-3.1871199487434487 3.852566213878946
-3.4227355296434436 3.644843137107057
-3.6448431371070567 3.422735529643444
-3.8525662138789456 3.187119948743449
-4.045084971874736 2.9389262614623664
-4.221639627510074 2.679133974894985
-4.381533400219318 2.408768370508576
-4.5241352623300966 2.1288964578253644
-4.648882429441256 1.8406227634233907
-4.755282581475767 1.5450849718747375
-4.8429158056431545 1.2434494358242763
-4.911436253643443 0.9369065729286229
-4.960573506572389 0.6266661678215226
-4.990133642141358 0.3139525976465679
-5.0 6.123233995736766e-16
-4.990133642141358 -0.31395259764656674
-4.9605735065723895 -0.6266661678215214
-4.911436253643443 -0.9369065729286239
-4.842915805643156 -1.243449435824273
-4.755282581475768 -1.5450849718747364
-4.648882429441257 -1.8406227634233896
-4.524135262330098 -2.1288964578253613
-4.381533400219318 -2.408768370508577
-4.221639627510076 -2.6791339748949823
-4.045084971874739 -2.9389262614623632
-3.852566213878946 -3.1871199487434483
-3.6448431371070593 -3.422735529643442
-3.422735529643443 -3.644843137107058
-3.1871199487434474 -3.852566213878947
-2.9389262614623664 -4.045084971874736
-2.679133974894982 -4.2216396275100765
-2.4087683705085765 -4.381533400219318
-2.128896457825361 -4.524135262330099
-1.8406227634233892 -4.648882429441257
-1.5450849718747377 -4.755282581475767
-1.2434494358242723 -4.842915805643156
-0.9369065729286231 -4.911436253643443
-0.626666167821523 -4.960573506572389
-0.313952597646566 -4.990133642141358
-9.184850993605148e-16 -5.0
0.31395259764656414 -4.990133642141358
0.6266661678215212 -4.9605735065723895
0.9369065729286213 -4.911436253643443
1.2434494358242747 -4.842915805643155
1.5450849718747361 -4.755282581475768
1.8406227634233872 -4.648882429441258
2.128896457825359 -4.524135262330099
2.4087683705085787 -4.3815334002193165
2.6791339748949836 -4.221639627510075
2.9389262614623646 -4.045084971874738
3.1871199487434465 -3.852566213878948
3.4227355296434396 -3.6448431371070606
3.644843137107056 -3.422735529643445
3.852566213878947 -3.1871199487434483
4.045084971874736 -2.938926261462367
4.221639627510074 -2.6791339748949854
4.381533400219316 -2.4087683705085805
4.5241352623300966 -2.128896457825365
4.648882429441257 -1.8406227634233894
4.755282581475767 -1.5450849718747384
4.8429158056431545 -1.2434494358242767
4.911436253643443 -0.9369065729286234
4.960573506572389 -0.6266661678215233
4.990133642141358 -0.3139525976465663
5.0 -1.2246467991473533e-15
