5.0 0.0
4.9901 0.314
4.9606 0.6267
4.9114 0.9369
4.8429 1.2434
4.7553 1.5451
4.6489 1.8406
4.5241 2.1289
4.3815 2.4088
4.2216 2.6791
4.0451 2.9389
3.8526 3.1871
3.6448 3.4227
3.4227 3.6448
3.1871 3.8526
2.9389 4.0451
2.6791 4.2216
2.4088 4.3815
2.1289 4.5241
1.8406 4.6489
1.5451 4.7553
1.2434 4.8429
0.9369 4.9114
0.6267 4.9606
0.314 4.9901
0.0 5.0
-0.314 4.9901
-0.6267 4.9606
-0.9369 4.9114
-1.2434 4.8429
-1.5451 4.7553
-1.8406 4.6489
-2.1289 4.5241
-2.4088 4.3815
-2.6791 4.2216
-2.9389 4.0451
-3.1871 3.8526
-3.4227 3.6448
-3.6448 3.4227
-3.8526 3.1871
-4.0451 2.9389
-4.2216 2.6791
-4.3815 2.4088
-4.5241 2.1289
-4.6489 1.8406
-4.7553 1.5451
-4.8429 1.2434
-4.9114 0.9369
-4.9606 0.6267
-4.9901 0.314
-5.0 0.0
-4.9901 -0.314
-4.9606 -0.6267
-4.9114 -0.9369
-4.8429 -1.2434
-4.7553 -1.5451
-4.6489 -1.8406
-4.5241 -2.1289
-4.3815 -2.4088
-4.2216 -2.6791
-4.0451 -2.9389
-3.8526 -3.1871
-3.6448 -3.4227
-3.4227 -3.6448
-3.1871 -3.8526
-2.9389 -4.0451
-2.6791 -4.2216
-2.4088 -4.3815
-2.1289 -4.5241
-1.8406 -4.6489
-1.5451 -4.7553
-1.2434 -4.8429
-0.9369 -4.9114
-0.6267 -4.9606
-0.314 -4.9901
-0.0 -5.0
0.314 -4.9901
0.6267 -4.9606
0.9369 -4.9114
1.2434 -4.8429
1.5451 -4.7553
1.8406 -4.6489
2.1289 -4.5241
2.4088 -4.3815
2.6791 -4.2216
2.9389 -4.0451
3.1871 -3.8526
3.4227 -3.6448
3.6448 -3.4227
3.8526 -3.1871
4.0451 -2.9389
4.2216 -2.6791
4.3815 -2.4088
4.5241 -2.1289
4.6489 -1.8406
4.7553 -1.5451
4.8429 -1.2434
4.9114 -0.9369
4.9606 -0.6267
4.9901 -0.314
