0.0 0.0
0.001 0.002
0.002 0.004
0.003 0.006
0.004 0.008
0.005 0.01
0.006 0.012
0.007000000000000001 0.014000000000000002
0.008 0.016
0.009000000000000001 0.018000000000000002
0.01 0.02
0.011 0.022
0.012 0.024
0.013 0.026
0.014000000000000002 0.028000000000000004
0.015 0.03
0.016 0.032
0.017 0.034
0.018000000000000002 0.036000000000000004
0.019 0.038
0.02 0.04
0.021 0.042
0.022 0.044
0.023 0.046
0.024 0.048
0.025 0.05
0.026 0.052
0.026999999999999996 0.05399999999999999
0.028000000000000004 0.05600000000000001
0.029 0.058
0.03 0.06
0.031 0.062
0.032 0.064
0.033 0.066
0.034 0.068
0.035 0.07
0.036000000000000004 0.07200000000000001
0.037 0.074
0.038 0.076
0.039 0.078
0.04 0.08
0.041 0.082
0.042 0.084
0.043 0.086
0.044 0.088
0.045 0.09
0.046 0.092
0.047 0.094
0.048 0.096
0.048999999999999995 0.09799999999999999
0.05 0.1
0.051000000000000004 0.10200000000000001
0.052 0.104
0.053000000000000005 0.10600000000000001
0.05399999999999999 0.10799999999999998
0.055 0.11
0.05600000000000001 0.11200000000000002
0.056999999999999995 0.11399999999999999
0.058 0.116
0.059 0.118
0.06 0.12
0.061 0.122
0.062 0.124
0.063 0.126
0.064 0.128
0.065 0.13
0.066 0.132
0.067 0.134
0.068 0.136
0.069 0.138
0.07 0.14
0.071 0.142
0.07200000000000001 0.14400000000000002
0.073 0.146
0.074 0.148
0.07500000000000001 0.15000000000000002
0.076 0.152
0.077 0.154
0.078 0.156
0.079 0.158
0.08 0.16
0.081 0.162
0.082 0.164
0.08299999999999999 0.16599999999999998
0.084 0.168
0.08499999999999999 0.16999999999999998
0.086 0.172
0.08700000000000001 0.17400000000000002
0.088 0.176
0.089 0.178
0.09 0.18
0.091 0.182
0.092 0.184
0.093 0.186
0.094 0.188
0.095 0.19
0.096 0.192
0.097 0.194
0.09799999999999999 0.19599999999999998
0.099 0.198
0.1 0.2
0.10099999999999999 0.20199999999999999
0.10200000000000001 0.20400000000000001
0.10300000000000001 0.20600000000000002
0.104 0.208
0.10500000000000001 0.21000000000000002
0.10600000000000001 0.21200000000000002
0.107 0.214
0.10799999999999998 0.21599999999999997
0.10900000000000001 0.21800000000000003
0.11 0.22
0.11099999999999999 0.22199999999999998
0.11200000000000002 0.22400000000000003
0.113 0.226
0.11399999999999999 0.22799999999999998
0.11499999999999999 0.22999999999999998
0.116 0.232
0.11699999999999999 0.23399999999999999
0.118 0.236
0.11900000000000001 0.23800000000000002
0.12 0.24
0.121 0.242
0.122 0.244
0.123 0.246
0.124 0.248
0.125 0.25
0.126 0.252
0.127 0.254
0.128 0.256
0.129 0.258
0.13 0.26
0.131 0.262
0.132 0.264
0.133 0.266
0.134 0.268
0.135 0.27
0.136 0.272
0.137 0.274
0.138 0.276
0.13899999999999998 0.27799999999999997
0.14 0.28
0.14100000000000001 0.28200000000000003
0.142 0.284
0.14300000000000002 0.28600000000000003
0.14400000000000002 0.28800000000000003
0.145 0.29
0.146 0.292
0.14700000000000002 0.29400000000000004
0.148 0.296
0.149 0.298
0.15000000000000002 0.30000000000000004
0.151 0.302
0.152 0.304
0.153 0.306
0.154 0.308
0.155 0.31
0.156 0.312
0.157 0.314
0.158 0.316
0.159 0.318
0.16 0.32
0.161 0.322
0.162 0.324
0.16299999999999998 0.32599999999999996
0.164 0.328
0.165 0.33
0.16599999999999998 0.33199999999999996
0.167 0.334
0.168 0.336
0.16899999999999998 0.33799999999999997
0.16999999999999998 0.33999999999999997
0.171 0.342
0.172 0.344
0.173 0.346
0.17400000000000002 0.34800000000000003
0.175 0.35
0.176 0.352
0.177 0.354
0.178 0.356
0.179 0.358
0.18 0.36
0.181 0.362
0.182 0.364
0.183 0.366
0.184 0.368
0.185 0.37
0.186 0.372
0.187 0.374
0.188 0.376
0.189 0.378
0.19 0.38
0.191 0.382
0.192 0.384
0.193 0.386
0.194 0.388
0.195 0.39
0.19599999999999998 0.39199999999999996
0.197 0.394
0.198 0.396
0.19899999999999998 0.39799999999999996
0.2 0.4
0.201 0.402
0.20199999999999999 0.40399999999999997
0.203 0.406
0.20400000000000001 0.40800000000000003
0.205 0.41
0.20600000000000002 0.41200000000000003
0.20700000000000002 0.41400000000000003
0.208 0.416
0.20900000000000002 0.41800000000000004
0.21000000000000002 0.42000000000000004
0.211 0.422
0.21200000000000002 0.42400000000000004
0.21299999999999997 0.42599999999999993
0.214 0.428
0.21500000000000002 0.43000000000000005
0.21599999999999997 0.43199999999999994
0.217 0.434
0.21800000000000003 0.43600000000000005
0.21899999999999997 0.43799999999999994
0.22 0.44
0.22100000000000003 0.44200000000000006
0.22199999999999998 0.44399999999999995
0.223 0.446
0.22400000000000003 0.44800000000000006
0.22499999999999998 0.44999999999999996
0.226 0.452
0.22699999999999998 0.45399999999999996
0.22799999999999998 0.45599999999999996
0.229 0.458
0.22999999999999998 0.45999999999999996
0.23099999999999998 0.46199999999999997
0.232 0.464
0.23299999999999998 0.46599999999999997
0.23399999999999999 0.46799999999999997
0.23500000000000001 0.47000000000000003
0.236 0.472
0.237 0.474
0.23800000000000002 0.47600000000000003
0.239 0.478
0.24 0.48
0.24100000000000002 0.48200000000000004
0.242 0.484
0.243 0.486
0.244 0.488
0.245 0.49
0.246 0.492
0.247 0.494
0.248 0.496
0.249 0.498
0.25 0.5
0.251 0.502
0.252 0.504
0.253 0.506
0.254 0.508
0.255 0.51
0.256 0.512
0.257 0.514
0.258 0.516
0.259 0.518
0.26 0.52
0.261 0.522
0.262 0.524
0.263 0.526
0.264 0.528
0.265 0.53
0.266 0.532
0.267 0.534
0.268 0.536
0.269 0.538
0.27 0.54
0.271 0.542
0.272 0.544
0.273 0.546
0.274 0.548
0.27499999999999997 0.5499999999999999
0.276 0.552
0.277 0.554
0.27799999999999997 0.5559999999999999
0.279 0.558
0.28 0.56
0.28099999999999997 0.5619999999999999
0.28200000000000003 0.5640000000000001
0.28300000000000003 0.5660000000000001
0.284 0.568
0.28500000000000003 0.5700000000000001
0.28600000000000003 0.5720000000000001
0.287 0.574
0.28800000000000003 0.5760000000000001
0.28900000000000003 0.5780000000000001
0.29 0.58
0.29100000000000004 0.5820000000000001
0.292 0.584
0.293 0.586
0.29400000000000004 0.5880000000000001
0.295 0.59
0.296 0.592
0.29700000000000004 0.5940000000000001
0.298 0.596
0.299 0.598
0.30000000000000004 0.6000000000000001
0.301 0.602
0.302 0.604
0.30300000000000005 0.6060000000000001
0.304 0.608
0.305 0.61
0.306 0.612
0.307 0.614
0.308 0.616
0.309 0.618
0.31 0.62
0.311 0.622
0.312 0.624
0.313 0.626
0.314 0.628
0.315 0.63
0.316 0.632
0.317 0.634
0.318 0.636
0.319 0.638
0.32 0.64
0.321 0.642
0.322 0.644
0.32299999999999995 0.6459999999999999
0.324 0.648
0.325 0.65
0.32599999999999996 0.6519999999999999
0.327 0.654
0.328 0.656
0.32899999999999996 0.6579999999999999
0.33 0.66
0.331 0.662
0.33199999999999996 0.6639999999999999
0.333 0.666
0.334 0.668
0.33499999999999996 0.6699999999999999
0.336 0.672
0.33699999999999997 0.6739999999999999
0.33799999999999997 0.6759999999999999
0.339 0.678
0.33999999999999997 0.6799999999999999
0.34099999999999997 0.6819999999999999
0.342 0.684
0.34299999999999997 0.6859999999999999
0.344 0.688
0.34500000000000003 0.6900000000000001
0.346 0.692
0.347 0.694
0.34800000000000003 0.6960000000000001
0.349 0.698
0.35 0.7
0.35100000000000003 0.7020000000000001
0.352 0.704
0.353 0.706
0.354 0.708
0.355 0.71
0.356 0.712
0.357 0.714
0.358 0.716
0.359 0.718
0.36 0.72
0.361 0.722
0.362 0.724
0.363 0.726
0.364 0.728
0.365 0.73
0.366 0.732
0.367 0.734
0.368 0.736
0.369 0.738
0.37 0.74
0.371 0.742
0.372 0.744
0.373 0.746
0.374 0.748
0.375 0.75
0.376 0.752
0.377 0.754
0.378 0.756
0.379 0.758
0.38 0.76
0.381 0.762
0.382 0.764
0.383 0.766
0.384 0.768
0.385 0.77
0.386 0.772
0.387 0.774
0.388 0.776
0.389 0.778
0.39 0.78
0.391 0.782
0.39199999999999996 0.7839999999999999
0.393 0.786
0.394 0.788
0.39499999999999996 0.7899999999999999
0.396 0.792
0.397 0.794
0.39799999999999996 0.7959999999999999
0.399 0.798
0.4 0.8
0.40099999999999997 0.8019999999999999
0.402 0.804
0.403 0.806
0.40399999999999997 0.8079999999999999
0.405 0.81
0.406 0.812
0.407 0.814
0.40800000000000003 0.8160000000000001
0.40900000000000003 0.8180000000000001
0.41 0.82
0.41100000000000003 0.8220000000000001
0.41200000000000003 0.8240000000000001
0.413 0.826
0.41400000000000003 0.8280000000000001
0.41500000000000004 0.8300000000000001
0.416 0.832
0.41700000000000004 0.8340000000000001
0.41800000000000004 0.8360000000000001
0.419 0.838
0.42000000000000004 0.8400000000000001
0.42100000000000004 0.8420000000000001
0.422 0.844
0.42299999999999993 0.8459999999999999
0.42400000000000004 0.8480000000000001
0.425 0.85
0.42599999999999993 0.8519999999999999
0.42700000000000005 0.8540000000000001
0.428 0.856
0.42899999999999994 0.8579999999999999
0.43000000000000005 0.8600000000000001
0.431 0.862
0.43199999999999994 0.8639999999999999
0.43300000000000005 0.8660000000000001
0.434 0.868
0.43499999999999994 0.8699999999999999
0.43600000000000005 0.8720000000000001
0.437 0.874
0.43799999999999994 0.8759999999999999
0.43900000000000006 0.8780000000000001
0.44 0.88
0.44099999999999995 0.8819999999999999
0.44200000000000006 0.8840000000000001
0.443 0.886
0.44399999999999995 0.8879999999999999
0.44500000000000006 0.8900000000000001
0.446 0.892
0.44699999999999995 0.8939999999999999
0.44800000000000006 0.8960000000000001
0.449 0.898
0.44999999999999996 0.8999999999999999
0.45100000000000007 0.9020000000000001
0.452 0.904
0.45299999999999996 0.9059999999999999
0.45399999999999996 0.9079999999999999
0.455 0.91
0.45599999999999996 0.9119999999999999
0.45699999999999996 0.9139999999999999
0.458 0.916
0.45899999999999996 0.9179999999999999
0.45999999999999996 0.9199999999999999
0.461 0.922
0.46199999999999997 0.9239999999999999
0.46299999999999997 0.9259999999999999
0.464 0.928
0.46499999999999997 0.9299999999999999
0.46599999999999997 0.9319999999999999
0.467 0.934
0.46799999999999997 0.9359999999999999
0.469 0.938
0.47000000000000003 0.9400000000000001
0.471 0.942
0.472 0.944
0.47300000000000003 0.9460000000000001
0.474 0.948
0.475 0.95
0.47600000000000003 0.9520000000000001
0.477 0.954
0.478 0.956
0.47900000000000004 0.9580000000000001
0.48 0.96
0.481 0.962
0.48200000000000004 0.9640000000000001
0.483 0.966
0.484 0.968
0.485 0.97
0.486 0.972
0.487 0.974
0.488 0.976
0.489 0.978
0.49 0.98
0.491 0.982
0.492 0.984
0.493 0.986
0.494 0.988
0.495 0.99
0.496 0.992
0.497 0.994
0.498 0.996
0.499 0.998
0.5 1.0
0.501 1.002
0.502 1.004
0.503 1.006
0.504 1.008
0.505 1.01
0.506 1.012
0.507 1.014
0.508 1.016
0.509 1.018
0.51 1.02
0.511 1.022
0.512 1.024
0.513 1.026
0.514 1.028
0.515 1.03
0.516 1.032
0.517 1.034
0.518 1.036
0.5189999999999999 1.0379999999999998
0.52 1.04
0.521 1.042
0.522 1.044
0.523 1.046
0.524 1.048
0.5249999999999999 1.0499999999999998
0.526 1.052
0.527 1.054
0.528 1.056
0.529 1.058
0.53 1.06
0.5309999999999999 1.0619999999999998
0.532 1.064
0.533 1.066
0.534 1.068
0.535 1.07
0.536 1.072
0.5369999999999999 1.0739999999999998
0.538 1.076
0.539 1.078
0.54 1.08
0.541 1.082
0.542 1.084
0.5429999999999999 1.0859999999999999
0.544 1.088
0.545 1.09
0.546 1.092
0.5469999999999999 1.0939999999999999
0.548 1.096
0.5489999999999999 1.0979999999999999
0.5499999999999999 1.0999999999999999
0.551 1.102
0.552 1.104
0.5529999999999999 1.1059999999999999
0.554 1.108
0.5549999999999999 1.1099999999999999
0.5559999999999999 1.1119999999999999
0.557 1.114
0.558 1.116
0.5589999999999999 1.1179999999999999
0.56 1.12
0.5609999999999999 1.1219999999999999
0.5619999999999999 1.1239999999999999
0.5630000000000001 1.1260000000000001
0.5640000000000001 1.1280000000000001
0.565 1.13
0.5660000000000001 1.1320000000000001
0.567 1.134
0.568 1.136
0.5690000000000001 1.1380000000000001
0.5700000000000001 1.1400000000000001
0.571 1.142
0.5720000000000001 1.1440000000000001
0.573 1.146
0.574 1.148
0.5750000000000001 1.1500000000000001
0.5760000000000001 1.1520000000000001
0.577 1.154
0.5780000000000001 1.1560000000000001
0.579 1.158
0.58 1.16
0.581 1.162
0.5820000000000001 1.1640000000000001
0.583 1.166
0.584 1.168
0.585 1.17
0.586 1.172
0.587 1.174
0.5880000000000001 1.1760000000000002
0.589 1.178
0.59 1.18
0.591 1.182
0.592 1.184
0.593 1.186
0.5940000000000001 1.1880000000000002
0.595 1.19
0.596 1.192
0.597 1.194
0.598 1.196
0.599 1.198
0.6000000000000001 1.2000000000000002
0.601 1.202
0.602 1.204
0.603 1.206
0.604 1.208
0.605 1.21
0.6060000000000001 1.2120000000000002
0.607 1.214
0.608 1.216
0.609 1.218
0.61 1.22
0.611 1.222
0.612 1.224
0.613 1.226
0.614 1.228
0.615 1.23
0.616 1.232
0.617 1.234
0.618 1.236
0.619 1.238
0.62 1.24
0.621 1.242
0.622 1.244
0.623 1.246
0.624 1.248
0.625 1.25
0.626 1.252
0.627 1.254
0.628 1.256
0.629 1.258
0.63 1.26
0.631 1.262
0.632 1.264
0.633 1.266
0.634 1.268
0.635 1.27
0.636 1.272
0.637 1.274
0.638 1.276
0.639 1.278
0.64 1.28
0.641 1.282
0.642 1.284
0.643 1.286
0.644 1.288
0.645 1.29
0.6459999999999999 1.2919999999999998
0.647 1.294
0.648 1.296
0.649 1.298
0.65 1.3
0.651 1.302
0.6519999999999999 1.3039999999999998
0.653 1.306
0.654 1.308
0.655 1.31
0.656 1.312
0.657 1.314
0.6579999999999999 1.3159999999999998
0.659 1.318
0.66 1.32
0.661 1.322
0.662 1.324
0.663 1.326
0.6639999999999999 1.3279999999999998
0.665 1.33
0.666 1.332
0.667 1.334
0.668 1.336
0.669 1.338
0.6699999999999999 1.3399999999999999
0.671 1.342
0.672 1.344
0.673 1.346
0.6739999999999999 1.3479999999999999
0.675 1.35
0.6759999999999999 1.3519999999999999
0.6769999999999999 1.3539999999999999
0.678 1.356
0.679 1.358
0.6799999999999999 1.3599999999999999
0.681 1.362
0.6819999999999999 1.3639999999999999
0.6829999999999999 1.3659999999999999
0.684 1.368
0.685 1.37
0.6859999999999999 1.3719999999999999
0.687 1.374
0.688 1.376
0.689 1.378
0.6900000000000001 1.3800000000000001
0.6910000000000001 1.3820000000000001
0.692 1.384
0.6930000000000001 1.3860000000000001
0.694 1.388
0.695 1.39
0.6960000000000001 1.3920000000000001
0.6970000000000001 1.3940000000000001
0.698 1.396
0.6990000000000001 1.3980000000000001
0.7 1.4
0.701 1.402
0.7020000000000001 1.4040000000000001
0.7030000000000001 1.4060000000000001
0.704 1.408
0.705 1.41
0.706 1.412
0.707 1.414
0.708 1.416
0.7090000000000001 1.4180000000000001
0.71 1.42
0.711 1.422
0.712 1.424
0.713 1.426
0.714 1.428
0.7150000000000001 1.4300000000000002
0.716 1.432
0.717 1.434
0.718 1.436
0.719 1.438
0.72 1.44
0.7210000000000001 1.4420000000000002
0.722 1.444
0.723 1.446
0.724 1.448
0.725 1.45
0.726 1.452
0.7270000000000001 1.4540000000000002
0.728 1.456
0.729 1.458
0.73 1.46
0.731 1.462
0.732 1.464
0.7330000000000001 1.4660000000000002
0.734 1.468
0.735 1.47
0.736 1.472
0.737 1.474
0.738 1.476
0.739 1.478
0.74 1.48
0.741 1.482
0.742 1.484
0.743 1.486
0.744 1.488
0.745 1.49
0.746 1.492
0.747 1.494
0.748 1.496
0.749 1.498
0.75 1.5
0.7510000000000001 1.5020000000000002
0.752 1.504
0.753 1.506
0.754 1.508
0.7549999999999999 1.5099999999999998
0.756 1.512
0.7570000000000001 1.5140000000000002
0.758 1.516
0.759 1.518
0.76 1.52
0.7609999999999999 1.5219999999999998
0.762 1.524
0.7630000000000001 1.5260000000000002
0.764 1.528
0.765 1.53
0.766 1.532
0.7669999999999999 1.5339999999999998
0.768 1.536
0.7690000000000001 1.5380000000000003
0.77 1.54
0.771 1.542
0.772 1.544
0.7729999999999999 1.5459999999999998
0.774 1.548
0.7750000000000001 1.5500000000000003
0.776 1.552
0.777 1.554
0.778 1.556
0.7789999999999999 1.5579999999999998
0.78 1.56
0.7810000000000001 1.5620000000000003
0.782 1.564
0.783 1.566
0.7839999999999999 1.5679999999999998
0.7849999999999999 1.5699999999999998
0.786 1.572
0.7869999999999999 1.5739999999999998
0.788 1.576
0.789 1.578
0.7899999999999999 1.5799999999999998
0.7909999999999999 1.5819999999999999
0.792 1.584
0.7929999999999999 1.5859999999999999
0.794 1.588
0.795 1.59
0.7959999999999999 1.5919999999999999
0.7969999999999999 1.5939999999999999
0.798 1.596
0.7989999999999999 1.5979999999999999
0.8 1.6
0.801 1.602
0.8019999999999999 1.6039999999999999
0.8029999999999999 1.6059999999999999
0.804 1.608
0.8049999999999999 1.6099999999999999
0.806 1.612
0.807 1.614
0.8079999999999999 1.6159999999999999
0.8089999999999999 1.6179999999999999
0.81 1.62
0.8109999999999999 1.6219999999999999
0.812 1.624
0.8130000000000001 1.6260000000000001
0.814 1.628
0.815 1.63
0.8160000000000001 1.6320000000000001
0.817 1.634
0.8180000000000001 1.6360000000000001
0.8190000000000001 1.6380000000000001
0.82 1.64
0.821 1.642
0.8220000000000001 1.6440000000000001
0.823 1.646
0.8240000000000001 1.6480000000000001
0.8250000000000001 1.6500000000000001
0.826 1.652
0.827 1.654
0.8280000000000001 1.6560000000000001
0.829 1.658
0.8300000000000001 1.6600000000000001
0.8310000000000001 1.6620000000000001
0.832 1.664
0.833 1.666
0.8340000000000001 1.6680000000000001
0.835 1.67
0.8360000000000001 1.6720000000000002
0.8370000000000001 1.6740000000000002
0.838 1.676
0.839 1.678
0.8400000000000001 1.6800000000000002
0.841 1.682
0.8420000000000001 1.6840000000000002
0.8430000000000001 1.6860000000000002
0.844 1.688
0.845 1.69
0.8459999999999999 1.6919999999999997
0.847 1.694
0.8480000000000001 1.6960000000000002
0.849 1.698
0.85 1.7
0.851 1.702
0.8519999999999999 1.7039999999999997
0.853 1.706
0.8540000000000001 1.7080000000000002
0.855 1.71
0.856 1.712
0.857 1.714
0.8579999999999999 1.7159999999999997
0.859 1.718
0.8600000000000001 1.7200000000000002
0.861 1.722
0.862 1.724
0.863 1.726
0.8639999999999999 1.7279999999999998
0.865 1.73
0.8660000000000001 1.7320000000000002
0.867 1.734
0.868 1.736
0.869 1.738
0.8699999999999999 1.7399999999999998
0.871 1.742
0.8720000000000001 1.7440000000000002
0.873 1.746
0.874 1.748
0.875 1.75
0.8759999999999999 1.7519999999999998
0.877 1.754
0.8780000000000001 1.7560000000000002
0.879 1.758
0.88 1.76
0.881 1.762
0.8819999999999999 1.7639999999999998
0.883 1.766
0.8840000000000001 1.7680000000000002
0.885 1.77
0.886 1.772
0.887 1.774
0.8879999999999999 1.7759999999999998
0.889 1.778
0.8900000000000001 1.7800000000000002
0.891 1.782
0.892 1.784
0.893 1.786
0.8939999999999999 1.7879999999999998
0.895 1.79
0.8960000000000001 1.7920000000000003
0.897 1.794
0.898 1.796
0.899 1.798
0.8999999999999999 1.7999999999999998
0.901 1.802
0.9020000000000001 1.8040000000000003
0.903 1.806
0.904 1.808
0.905 1.81
0.9059999999999999 1.8119999999999998
0.907 1.814
0.9079999999999999 1.8159999999999998
0.909 1.818
0.91 1.82
0.9109999999999999 1.8219999999999998
0.9119999999999999 1.8239999999999998
0.913 1.826
0.9139999999999999 1.8279999999999998
0.915 1.83
0.916 1.832
0.9169999999999999 1.8339999999999999
0.9179999999999999 1.8359999999999999
0.919 1.838
0.9199999999999999 1.8399999999999999
0.921 1.842
0.922 1.844
0.9229999999999999 1.8459999999999999
0.9239999999999999 1.8479999999999999
0.925 1.85
0.9259999999999999 1.8519999999999999
0.927 1.854
0.928 1.856
0.9289999999999999 1.8579999999999999
0.9299999999999999 1.8599999999999999
0.931 1.862
0.9319999999999999 1.8639999999999999
0.933 1.866
0.934 1.868
0.9349999999999999 1.8699999999999999
0.9359999999999999 1.8719999999999999
0.937 1.874
0.938 1.876
0.9390000000000001 1.8780000000000001
0.9400000000000001 1.8800000000000001
0.941 1.882
0.942 1.884
0.9430000000000001 1.8860000000000001
0.944 1.888
0.9450000000000001 1.8900000000000001
0.9460000000000001 1.8920000000000001
0.947 1.894
0.948 1.896
0.9490000000000001 1.8980000000000001
0.95 1.9
0.9510000000000001 1.9020000000000001
0.9520000000000001 1.9040000000000001
0.953 1.906
0.954 1.908
0.9550000000000001 1.9100000000000001
0.956 1.912
0.9570000000000001 1.9140000000000001
0.9580000000000001 1.9160000000000001
0.959 1.918
0.96 1.92
0.9610000000000001 1.9220000000000002
0.962 1.924
0.9630000000000001 1.9260000000000002
0.9640000000000001 1.9280000000000002
0.965 1.93
0.966 1.932
0.9670000000000001 1.9340000000000002
0.968 1.936
0.9690000000000001 1.9380000000000002
0.97 1.94
0.971 1.942
0.972 1.944
0.9729999999999999 1.9459999999999997
0.974 1.948
0.9750000000000001 1.9500000000000002
0.976 1.952
0.977 1.954
0.978 1.956
0.9789999999999999 1.9579999999999997
0.98 1.96
0.9810000000000001 1.9620000000000002
0.982 1.964
0.983 1.966
0.984 1.968
0.9849999999999999 1.9699999999999998
0.986 1.972
0.9870000000000001 1.9740000000000002
0.988 1.976
0.989 1.978
0.99 1.98
0.9909999999999999 1.9819999999999998
0.992 1.984
0.9930000000000001 1.9860000000000002
0.994 1.988
0.995 1.99
0.996 1.992
0.9969999999999999 1.9939999999999998
0.998 1.996
0.9990000000000001 1.9980000000000002
1.0 2.0
1.001 2.002
1.002 2.004
1.003 2.006
1.004 2.008
1.0050000000000001 2.0100000000000002
1.006 2.012
1.0070000000000001 2.0140000000000002
1.008 2.016
1.009 2.018
1.01 2.02
1.0110000000000001 2.0220000000000002
1.012 2.024
1.013 2.026
1.014 2.028
1.015 2.03
1.016 2.032
1.0170000000000001 2.0340000000000003
1.018 2.036
1.0190000000000001 2.0380000000000003
1.02 2.04
1.021 2.042
1.022 2.044
1.0230000000000001 2.0460000000000003
1.024 2.048
1.025 2.05
1.026 2.052
1.027 2.054
1.028 2.056
1.0290000000000001 2.0580000000000003
1.03 2.06
1.0310000000000001 2.0620000000000003
1.032 2.064
1.033 2.066
1.034 2.068
1.035 2.07
1.036 2.072
1.037 2.074
1.0379999999999998 2.0759999999999996
1.039 2.078
1.04 2.08
1.041 2.082
1.042 2.084
1.0430000000000001 2.0860000000000003
1.044 2.088
1.045 2.09
1.046 2.092
1.047 2.094
1.048 2.096
1.049 2.098
1.0499999999999998 2.0999999999999996
1.051 2.102
1.052 2.104
1.053 2.106
1.054 2.108
1.0550000000000002 2.1100000000000003
1.056 2.112
1.057 2.114
1.058 2.116
1.059 2.118
1.06 2.12
1.061 2.122
1.0619999999999998 2.1239999999999997
1.063 2.126
1.064 2.128
1.065 2.13
1.066 2.132
1.0670000000000002 2.1340000000000003
1.068 2.136
1.069 2.138
1.07 2.14
1.071 2.142
1.072 2.144
1.073 2.146
1.0739999999999998 2.1479999999999997
1.075 2.15
1.076 2.152
1.077 2.154
1.078 2.156
1.0790000000000002 2.1580000000000004
1.08 2.16
1.081 2.162
1.082 2.164
1.083 2.166
1.084 2.168
1.085 2.17
1.0859999999999999 2.1719999999999997
1.087 2.174
1.088 2.176
1.089 2.178
1.09 2.18
1.0910000000000002 2.1820000000000004
1.092 2.184
1.093 2.186
1.0939999999999999 2.1879999999999997
1.095 2.19
1.096 2.192
1.097 2.194
1.0979999999999999 2.1959999999999997
1.099 2.198
1.0999999999999999 2.1999999999999997
1.101 2.202
1.102 2.204
1.103 2.206
1.104 2.208
1.105 2.21
1.1059999999999999 2.2119999999999997
1.107 2.214
1.108 2.216
1.109 2.218
1.1099999999999999 2.2199999999999998
1.111 2.222
1.1119999999999999 2.2239999999999998
1.113 2.226
1.114 2.228
1.115 2.23
1.116 2.232
1.117 2.234
1.1179999999999999 2.2359999999999998
1.119 2.238
1.12 2.24
1.121 2.242
1.1219999999999999 2.2439999999999998
1.123 2.246
1.1239999999999999 2.2479999999999998
1.125 2.25
1.1260000000000001 2.2520000000000002
1.127 2.254
1.1280000000000001 2.2560000000000002
1.129 2.258
1.13 2.26
1.131 2.262
1.1320000000000001 2.2640000000000002
1.133 2.266
1.134 2.268
1.135 2.27
1.136 2.272
1.137 2.274
1.1380000000000001 2.2760000000000002
1.139 2.278
1.1400000000000001 2.2800000000000002
1.141 2.282
1.142 2.284
1.143 2.286
1.1440000000000001 2.2880000000000003
1.145 2.29
1.146 2.292
1.147 2.294
1.148 2.296
1.149 2.298
1.1500000000000001 2.3000000000000003
1.151 2.302
1.1520000000000001 2.3040000000000003
1.153 2.306
1.154 2.308
1.155 2.31
1.1560000000000001 2.3120000000000003
1.157 2.314
1.158 2.316
1.1589999999999998 2.3179999999999996
1.16 2.32
1.161 2.322
1.162 2.324
1.163 2.326
1.1640000000000001 2.3280000000000003
1.165 2.33
1.166 2.332
1.167 2.334
1.168 2.336
1.169 2.338
1.17 2.34
1.1709999999999998 2.3419999999999996
1.172 2.344
1.173 2.346
1.174 2.348
1.175 2.35
1.1760000000000002 2.3520000000000003
1.177 2.354
1.178 2.356
1.179 2.358
1.18 2.36
1.181 2.362
1.182 2.364
1.1829999999999998 2.3659999999999997
1.184 2.368
1.185 2.37
1.186 2.372
1.187 2.374
1.1880000000000002 2.3760000000000003
1.189 2.378
1.19 2.38
1.191 2.382
1.192 2.384
1.193 2.386
1.194 2.388
1.1949999999999998 2.3899999999999997
1.196 2.392
1.197 2.394
1.198 2.396
1.199 2.398
1.2000000000000002 2.4000000000000004
1.201 2.402
1.202 2.404
1.203 2.406
1.204 2.408
1.205 2.41
1.206 2.412
1.2069999999999999 2.4139999999999997
1.208 2.416
1.209 2.418
1.21 2.42
1.211 2.422
1.2120000000000002 2.4240000000000004
1.213 2.426
1.214 2.428
1.215 2.43
1.216 2.432
1.217 2.434
1.218 2.436
1.2189999999999999 2.4379999999999997
1.22 2.44
1.2209999999999999 2.4419999999999997
1.222 2.444
1.223 2.446
1.224 2.448
1.225 2.45
1.226 2.452
1.2269999999999999 2.4539999999999997
1.228 2.456
1.229 2.458
1.23 2.46
1.2309999999999999 2.4619999999999997
1.232 2.464
1.2329999999999999 2.4659999999999997
1.234 2.468
1.235 2.47
1.236 2.472
1.237 2.474
1.238 2.476
1.2389999999999999 2.4779999999999998
1.24 2.48
1.241 2.482
1.242 2.484
1.2429999999999999 2.4859999999999998
1.244 2.488
1.2449999999999999 2.4899999999999998
1.246 2.492
1.247 2.494
1.248 2.496
1.249 2.498
1.25 2.5
1.251 2.502
1.252 2.504
1.2530000000000001 2.5060000000000002
1.254 2.508
1.255 2.51
1.256 2.512
1.257 2.514
1.258 2.516
1.2590000000000001 2.5180000000000002
1.26 2.52
1.2610000000000001 2.5220000000000002
1.262 2.524
1.263 2.526
1.264 2.528
1.2650000000000001 2.5300000000000002
1.266 2.532
1.267 2.534
1.268 2.536
1.269 2.538
1.27 2.54
1.2710000000000001 2.5420000000000003
1.272 2.544
1.2730000000000001 2.5460000000000003
1.274 2.548
1.275 2.55
1.276 2.552
1.2770000000000001 2.5540000000000003
1.278 2.556
1.279 2.558
1.28 2.56
1.281 2.562
1.282 2.564
1.283 2.566
1.284 2.568
1.2850000000000001 2.5700000000000003
1.286 2.572
1.287 2.574
1.288 2.576
1.289 2.578
1.29 2.58
1.291 2.582
1.2919999999999998 2.5839999999999996
1.293 2.586
1.294 2.588
1.295 2.59
1.296 2.592
1.2970000000000002 2.5940000000000003
1.298 2.596
1.299 2.598
1.3 2.6
1.301 2.602
1.302 2.604
1.303 2.606
1.3039999999999998 2.6079999999999997
1.305 2.61
1.306 2.612
1.307 2.614
1.308 2.616
1.3090000000000002 2.6180000000000003
1.31 2.62
1.311 2.622
1.312 2.624
1.313 2.626
1.314 2.628
1.315 2.63
1.3159999999999998 2.6319999999999997
1.317 2.634
1.318 2.636
1.319 2.638
1.32 2.64
1.3210000000000002 2.6420000000000003
1.322 2.644
1.323 2.646
1.324 2.648
1.325 2.65
1.326 2.652
1.327 2.654
1.3279999999999998 2.6559999999999997
1.329 2.658
1.33 2.66
1.331 2.662
1.332 2.664
1.3330000000000002 2.6660000000000004
1.334 2.668
1.335 2.67
1.336 2.672
1.337 2.674
1.338 2.676
1.339 2.678
1.3399999999999999 2.6799999999999997
1.341 2.682
1.342 2.684
1.343 2.686
1.344 2.688
1.345 2.69
1.346 2.692
1.347 2.694
1.3479999999999999 2.6959999999999997
1.349 2.698
1.35 2.7
1.351 2.702
1.3519999999999999 2.7039999999999997
1.353 2.706
1.3539999999999999 2.7079999999999997
1.355 2.71
1.356 2.712
1.357 2.714
1.358 2.716
1.359 2.718
1.3599999999999999 2.7199999999999998
1.361 2.722
1.362 2.724
1.363 2.726
1.3639999999999999 2.7279999999999998
1.365 2.73
1.3659999999999999 2.7319999999999998
1.367 2.734
1.368 2.736
1.369 2.738
1.37 2.74
1.371 2.742
1.3719999999999999 2.7439999999999998
1.373 2.746
1.374 2.748
1.375 2.75
1.376 2.752
1.377 2.754
1.378 2.756
1.379 2.758
1.3800000000000001 2.7600000000000002
1.381 2.762
1.3820000000000001 2.7640000000000002
1.383 2.766
1.384 2.768
1.385 2.77
1.3860000000000001 2.7720000000000002
1.387 2.774
1.388 2.776
1.389 2.778
1.39 2.78
1.391 2.782
1.3920000000000001 2.7840000000000003
1.393 2.786
1.3940000000000001 2.7880000000000003
1.395 2.79
1.396 2.792
1.397 2.794
1.3980000000000001 2.7960000000000003
1.399 2.798
1.4 2.8
1.401 2.802
1.402 2.804
1.403 2.806
1.4040000000000001 2.8080000000000003
1.405 2.81
1.4060000000000001 2.8120000000000003
1.407 2.814
1.408 2.816
1.409 2.818
1.41 2.82
1.411 2.822
1.412 2.824
1.4129999999999998 2.8259999999999996
1.414 2.828
1.415 2.83
1.416 2.832
1.417 2.834
1.4180000000000001 2.8360000000000003
1.419 2.838
1.42 2.84
1.421 2.842
1.422 2.844
1.423 2.846
1.424 2.848
1.4249999999999998 2.8499999999999996
1.426 2.852
1.427 2.854
1.428 2.856
1.429 2.858
1.4300000000000002 2.8600000000000003
1.431 2.862
1.432 2.864
1.433 2.866
1.434 2.868
1.435 2.87
1.436 2.872
1.4369999999999998 2.8739999999999997
1.438 2.876
1.439 2.878
1.44 2.88
1.441 2.882
1.4420000000000002 2.8840000000000003
1.443 2.886
1.444 2.888
1.445 2.89
1.446 2.892
1.447 2.894
1.448 2.896
1.4489999999999998 2.8979999999999997
1.45 2.9
1.451 2.902
1.452 2.904
1.453 2.906
1.4540000000000002 2.9080000000000004
1.455 2.91
1.456 2.912
1.457 2.914
1.458 2.916
1.459 2.918
1.46 2.92
1.4609999999999999 2.9219999999999997
1.462 2.924
1.463 2.926
1.464 2.928
1.465 2.93
1.4660000000000002 2.9320000000000004
1.467 2.934
1.468 2.936
1.4689999999999999 2.9379999999999997
1.47 2.94
1.471 2.942
1.472 2.944
1.4729999999999999 2.9459999999999997
1.474 2.948
1.4749999999999999 2.9499999999999997
1.476 2.952
1.477 2.954
1.478 2.956
1.479 2.958
1.48 2.96
1.4809999999999999 2.9619999999999997
1.482 2.964
1.483 2.966
1.484 2.968
1.4849999999999999 2.9699999999999998
1.486 2.972
1.4869999999999999 2.9739999999999998
1.488 2.976
1.489 2.978
1.49 2.98
1.491 2.982
1.492 2.984
1.4929999999999999 2.9859999999999998
1.494 2.988
1.495 2.99
1.496 2.992
1.4969999999999999 2.9939999999999998
1.498 2.996
1.4989999999999999 2.9979999999999998
1.5 3.0
1.501 3.002
1.5020000000000002 3.0040000000000004
1.5030000000000001 3.0060000000000002
1.504 3.008
1.5050000000000001 3.0100000000000002
1.506 3.012
1.507 3.014
1.508 3.016
1.509 3.018
1.5099999999999998 3.0199999999999996
1.5110000000000001 3.0220000000000002
1.512 3.024
1.513 3.026
1.5140000000000002 3.0280000000000005
1.5150000000000001 3.0300000000000002
1.516 3.032
1.5170000000000001 3.0340000000000003
1.518 3.036
1.519 3.038
1.52 3.04
1.521 3.042
1.5219999999999998 3.0439999999999996
1.5230000000000001 3.0460000000000003
1.524 3.048
1.525 3.05
1.5260000000000002 3.0520000000000005
1.5270000000000001 3.0540000000000003
1.528 3.056
1.5290000000000001 3.0580000000000003
1.53 3.06
1.531 3.062
1.532 3.064
1.533 3.066
1.5339999999999998 3.0679999999999996
1.5350000000000001 3.0700000000000003
1.536 3.072
1.537 3.074
1.5380000000000003 3.0760000000000005
1.5390000000000001 3.0780000000000003
1.54 3.08
1.5410000000000001 3.0820000000000003
1.542 3.084
1.543 3.086
1.544 3.088
1.545 3.09
1.5459999999999998 3.0919999999999996
1.5470000000000002 3.0940000000000003
1.548 3.096
1.549 3.098
1.5500000000000003 3.1000000000000005
1.5510000000000002 3.1020000000000003
1.552 3.104
1.5530000000000002 3.1060000000000003
1.554 3.108
1.555 3.11
1.556 3.112
1.557 3.114
1.5579999999999998 3.1159999999999997
1.5590000000000002 3.1180000000000003
1.56 3.12
1.561 3.122
1.5620000000000003 3.1240000000000006
1.5630000000000002 3.1260000000000003
1.564 3.128
1.565 3.13
1.566 3.132
1.567 3.134
1.5679999999999998 3.1359999999999997
1.569 3.138
1.5699999999999998 3.1399999999999997
1.5709999999999997 3.1419999999999995
1.572 3.144
1.573 3.146
1.5739999999999998 3.1479999999999997
1.5750000000000002 3.1500000000000004
1.576 3.152
1.577 3.154
1.578 3.156
1.579 3.158
1.5799999999999998 3.1599999999999997
1.581 3.162
1.5819999999999999 3.1639999999999997
1.5829999999999997 3.1659999999999995
1.584 3.168
1.585 3.17
1.5859999999999999 3.1719999999999997
1.5870000000000002 3.1740000000000004
1.588 3.176
1.589 3.178
1.59 3.18
1.591 3.182
1.5919999999999999 3.1839999999999997
1.593 3.186
1.5939999999999999 3.1879999999999997
1.5949999999999998 3.1899999999999995
1.596 3.192
1.597 3.194
1.5979999999999999 3.1959999999999997
1.5990000000000002 3.1980000000000004
1.6 3.2
1.601 3.202
1.602 3.204
1.603 3.206
1.6039999999999999 3.2079999999999997
1.605 3.21
1.6059999999999999 3.2119999999999997
1.6069999999999998 3.2139999999999995
1.608 3.216
1.609 3.218
1.6099999999999999 3.2199999999999998
1.6110000000000002 3.2220000000000004
1.612 3.224
1.613 3.226
1.614 3.228
1.615 3.23
1.6159999999999999 3.2319999999999998
1.617 3.234
1.6179999999999999 3.2359999999999998
1.6189999999999998 3.2379999999999995
1.62 3.24
1.621 3.242
1.6219999999999999 3.2439999999999998
1.6230000000000002 3.2460000000000004
1.624 3.248
1.625 3.25
1.6260000000000001 3.2520000000000002
1.627 3.254
1.628 3.256
1.629 3.258
1.63 3.26
1.6309999999999998 3.2619999999999996
1.6320000000000001 3.2640000000000002
1.633 3.266
1.634 3.268
1.6350000000000002 3.2700000000000005
1.6360000000000001 3.2720000000000002
1.637 3.274
1.6380000000000001 3.2760000000000002
1.639 3.278
1.64 3.28
1.641 3.282
1.642 3.284
1.6429999999999998 3.2859999999999996
1.6440000000000001 3.2880000000000003
1.645 3.29
1.646 3.292
1.6470000000000002 3.2940000000000005
1.6480000000000001 3.2960000000000003
1.649 3.298
1.6500000000000001 3.3000000000000003
1.651 3.302
1.652 3.304
1.653 3.306
1.654 3.308
1.6549999999999998 3.3099999999999996
1.6560000000000001 3.3120000000000003
1.657 3.314
1.658 3.316
1.6590000000000003 3.3180000000000005
1.6600000000000001 3.3200000000000003
1.661 3.322
1.6620000000000001 3.3240000000000003
1.663 3.326
1.664 3.328
1.665 3.33
1.666 3.332
1.6669999999999998 3.3339999999999996
1.6680000000000001 3.3360000000000003
1.669 3.338
1.67 3.34
1.6710000000000003 3.3420000000000005
1.6720000000000002 3.3440000000000003
1.673 3.346
1.6740000000000002 3.3480000000000003
1.675 3.35
1.676 3.352
1.677 3.354
1.678 3.356
1.6789999999999998 3.3579999999999997
1.6800000000000002 3.3600000000000003
1.681 3.362
1.682 3.364
1.6830000000000003 3.3660000000000005
1.6840000000000002 3.3680000000000003
1.685 3.37
1.6860000000000002 3.3720000000000003
1.687 3.374
1.688 3.376
1.6889999999999998 3.3779999999999997
1.69 3.38
1.6909999999999998 3.3819999999999997
1.6919999999999997 3.3839999999999995
1.693 3.386
1.694 3.388
1.6949999999999998 3.3899999999999997
1.6960000000000002 3.3920000000000003
1.697 3.394
1.698 3.396
1.699 3.398
1.7 3.4
1.7009999999999998 3.4019999999999997
1.702 3.404
1.7029999999999998 3.4059999999999997
1.7039999999999997 3.4079999999999995
1.705 3.41
1.706 3.412
1.7069999999999999 3.4139999999999997
1.7080000000000002 3.4160000000000004
1.709 3.418
1.71 3.42
1.711 3.422
1.712 3.424
1.7129999999999999 3.4259999999999997
1.714 3.428
1.7149999999999999 3.4299999999999997
1.7159999999999997 3.4319999999999995
1.717 3.434
1.718 3.436
1.7189999999999999 3.4379999999999997
1.7200000000000002 3.4400000000000004
1.721 3.442
1.722 3.444
1.723 3.446
1.724 3.448
1.7249999999999999 3.4499999999999997
1.726 3.452
1.7269999999999999 3.4539999999999997
1.7279999999999998 3.4559999999999995
1.729 3.458
1.73 3.46
1.7309999999999999 3.4619999999999997
1.7320000000000002 3.4640000000000004
1.733 3.466
1.734 3.468
1.735 3.47
1.736 3.472
1.7369999999999999 3.4739999999999998
1.738 3.476
1.7389999999999999 3.4779999999999998
1.7399999999999998 3.4799999999999995
1.741 3.482
1.742 3.484
1.7429999999999999 3.4859999999999998
1.7440000000000002 3.4880000000000004
1.745 3.49
1.746 3.492
1.747 3.494
1.748 3.496
1.7489999999999999 3.4979999999999998
1.75 3.5
1.751 3.502
1.7519999999999998 3.5039999999999996
1.7530000000000001 3.5060000000000002
1.754 3.508
1.755 3.51
1.7560000000000002 3.5120000000000005
1.7570000000000001 3.5140000000000002
1.758 3.516
1.7590000000000001 3.5180000000000002
1.76 3.52
1.761 3.522
1.762 3.524
1.763 3.526
1.7639999999999998 3.5279999999999996
1.7650000000000001 3.5300000000000002
1.766 3.532
1.767 3.534
1.7680000000000002 3.5360000000000005
1.7690000000000001 3.5380000000000003
1.77 3.54
1.7710000000000001 3.5420000000000003
1.772 3.544
1.773 3.546
1.774 3.548
1.775 3.55
1.7759999999999998 3.5519999999999996
1.7770000000000001 3.5540000000000003
1.778 3.556
1.779 3.558
1.7800000000000002 3.5600000000000005
1.7810000000000001 3.5620000000000003
1.782 3.564
1.7830000000000001 3.5660000000000003
1.784 3.568
1.785 3.57
1.786 3.572
1.787 3.574
1.7879999999999998 3.5759999999999996
1.7890000000000001 3.5780000000000003
1.79 3.58
1.791 3.582
1.7920000000000003 3.5840000000000005
1.7930000000000001 3.5860000000000003
1.794 3.588
1.7950000000000002 3.5900000000000003
1.796 3.592
1.797 3.594
1.798 3.596
1.799 3.598
1.7999999999999998 3.5999999999999996
1.8010000000000002 3.6020000000000003
1.802 3.604
1.803 3.606
1.8040000000000003 3.6080000000000005
1.8050000000000002 3.6100000000000003
1.806 3.612
1.8070000000000002 3.6140000000000003
1.808 3.616
1.809 3.618
1.81 3.62
1.811 3.622
1.8119999999999998 3.6239999999999997
1.8129999999999997 3.6259999999999994
1.814 3.628
1.815 3.63
1.8159999999999998 3.6319999999999997
1.8170000000000002 3.6340000000000003
1.818 3.636
1.819 3.638
1.82 3.64
1.821 3.642
1.8219999999999998 3.6439999999999997
1.823 3.646
1.8239999999999998 3.6479999999999997
1.8249999999999997 3.6499999999999995
1.826 3.652
1.827 3.654
1.8279999999999998 3.6559999999999997
1.8290000000000002 3.6580000000000004
1.83 3.66
1.831 3.662
1.832 3.664
1.833 3.666
1.8339999999999999 3.6679999999999997
1.835 3.67
1.8359999999999999 3.6719999999999997
1.8369999999999997 3.6739999999999995
1.838 3.676
1.839 3.678
1.8399999999999999 3.6799999999999997
1.8410000000000002 3.6820000000000004
1.842 3.684
1.843 3.686
1.844 3.688
1.845 3.69
1.8459999999999999 3.6919999999999997
1.847 3.694
1.8479999999999999 3.6959999999999997
1.8489999999999998 3.6979999999999995
1.85 3.7
1.851 3.702
1.8519999999999999 3.7039999999999997
1.8530000000000002 3.7060000000000004
1.854 3.708
1.855 3.71
1.856 3.712
1.857 3.714
1.8579999999999999 3.7159999999999997
1.859 3.718
1.8599999999999999 3.7199999999999998
1.8609999999999998 3.7219999999999995
1.862 3.724
1.863 3.726
1.8639999999999999 3.7279999999999998
1.8650000000000002 3.7300000000000004
1.866 3.732
1.867 3.734
1.868 3.736
1.869 3.738
1.8699999999999999 3.7399999999999998
1.871 3.742
1.8719999999999999 3.7439999999999998
1.8729999999999998 3.7459999999999996
1.874 3.748
1.875 3.75
1.876 3.752
1.8770000000000002 3.7540000000000004
1.8780000000000001 3.7560000000000002
1.879 3.758
1.8800000000000001 3.7600000000000002
1.881 3.762
1.882 3.764
1.883 3.766
1.884 3.768
1.8849999999999998 3.7699999999999996
1.8860000000000001 3.7720000000000002
1.887 3.774
1.888 3.776
1.8890000000000002 3.7780000000000005
1.8900000000000001 3.7800000000000002
1.891 3.782
1.8920000000000001 3.7840000000000003
1.893 3.786
1.894 3.788
1.895 3.79
1.896 3.792
1.8969999999999998 3.7939999999999996
1.8980000000000001 3.7960000000000003
1.899 3.798
1.9 3.8
1.9010000000000002 3.8020000000000005
1.9020000000000001 3.8040000000000003
1.903 3.806
1.9040000000000001 3.8080000000000003
1.905 3.81
1.906 3.812
1.907 3.814
1.908 3.816
1.9089999999999998 3.8179999999999996
1.9100000000000001 3.8200000000000003
1.911 3.822
1.912 3.824
1.9130000000000003 3.8260000000000005
1.9140000000000001 3.8280000000000003
1.915 3.83
1.9160000000000001 3.8320000000000003
1.917 3.834
1.918 3.836
1.919 3.838
1.92 3.84
1.9209999999999998 3.8419999999999996
1.9220000000000002 3.8440000000000003
1.923 3.846
1.924 3.848
1.9250000000000003 3.8500000000000005
1.9260000000000002 3.8520000000000003
1.927 3.854
1.9280000000000002 3.8560000000000003
1.929 3.858
1.93 3.86
1.931 3.862
1.932 3.864
1.9329999999999998 3.8659999999999997
1.9340000000000002 3.8680000000000003
1.935 3.87
1.936 3.872
1.9370000000000003 3.8740000000000006
1.9380000000000002 3.8760000000000003
1.939 3.878
1.94 3.88
1.941 3.882
1.942 3.884
1.9429999999999998 3.8859999999999997
1.944 3.888
1.9449999999999998 3.8899999999999997
1.9459999999999997 3.8919999999999995
1.947 3.894
1.948 3.896
1.9489999999999998 3.8979999999999997
1.9500000000000002 3.9000000000000004
1.951 3.902
1.952 3.904
1.953 3.906
1.954 3.908
1.9549999999999998 3.9099999999999997
1.956 3.912
1.9569999999999999 3.9139999999999997
1.9579999999999997 3.9159999999999995
1.959 3.918
1.96 3.92
1.9609999999999999 3.9219999999999997
1.9620000000000002 3.9240000000000004
1.963 3.926
1.964 3.928
1.965 3.93
1.966 3.932
1.9669999999999999 3.9339999999999997
1.968 3.936
1.9689999999999999 3.9379999999999997
1.9699999999999998 3.9399999999999995
1.971 3.942
1.972 3.944
1.9729999999999999 3.9459999999999997
1.9740000000000002 3.9480000000000004
1.975 3.95
1.976 3.952
1.977 3.954
1.978 3.956
1.9789999999999999 3.9579999999999997
1.98 3.96
1.9809999999999999 3.9619999999999997
1.9819999999999998 3.9639999999999995
1.983 3.966
1.984 3.968
1.9849999999999999 3.9699999999999998
1.9860000000000002 3.9720000000000004
1.987 3.974
1.988 3.976
1.989 3.978
1.99 3.98
1.9909999999999999 3.9819999999999998
1.992 3.984
1.9929999999999999 3.9859999999999998
1.9939999999999998 3.9879999999999995
1.995 3.99
1.996 3.992
1.9969999999999999 3.9939999999999998
1.9980000000000002 3.9960000000000004
1.999 3.998
2.0 4.0
2.0010000000000003 4.002000000000001
2.002 4.004
2.003 4.006
2.004 4.008
2.005 4.01
2.006 4.012
2.007 4.014
2.008 4.016
2.009 4.018
2.0100000000000002 4.0200000000000005
2.011 4.022
2.012 4.024
2.013 4.026
2.0140000000000002 4.0280000000000005
2.0149999999999997 4.029999999999999
2.016 4.032
2.017 4.034
2.018 4.036
2.019 4.038
2.02 4.04
2.021 4.042
2.0220000000000002 4.0440000000000005
2.023 4.046
2.024 4.048
2.0250000000000004 4.050000000000001
2.026 4.052
2.027 4.054
2.028 4.056
2.029 4.058
2.03 4.06
2.031 4.062
2.032 4.064
2.033 4.066
2.0340000000000003 4.0680000000000005
2.035 4.07
2.036 4.072
2.037 4.074
2.0380000000000003 4.0760000000000005
2.0389999999999997 4.077999999999999
2.04 4.08
2.041 4.082
2.042 4.084
2.043 4.086
2.044 4.088
2.045 4.09
2.0460000000000003 4.0920000000000005
2.047 4.094
2.048 4.096
2.0490000000000004 4.098000000000001
2.05 4.1
2.051 4.102
2.052 4.104
2.053 4.106
2.054 4.108
2.055 4.11
2.056 4.112
2.057 4.114
2.0580000000000003 4.1160000000000005
2.059 4.118
2.06 4.12
2.061 4.122
2.0620000000000003 4.1240000000000006
2.0629999999999997 4.1259999999999994
2.064 4.128
2.065 4.13
2.066 4.132
2.0669999999999997 4.1339999999999995
2.068 4.136
2.069 4.138
2.07 4.14
2.071 4.142
2.072 4.144
2.073 4.146
2.074 4.148
2.075 4.15
2.0759999999999996 4.151999999999999
2.077 4.154
2.078 4.156
2.0789999999999997 4.1579999999999995
2.08 4.16
2.081 4.162
2.082 4.164
2.083 4.166
2.084 4.168
2.085 4.17
2.0860000000000003 4.172000000000001
2.0869999999999997 4.1739999999999995
2.088 4.176
2.089 4.178
2.09 4.18
2.0909999999999997 4.1819999999999995
2.092 4.184
2.093 4.186
2.094 4.188
2.095 4.19
2.096 4.192
2.097 4.194
2.098 4.196
2.099 4.198
2.0999999999999996 4.199999999999999
2.101 4.202
2.102 4.204
2.1029999999999998 4.2059999999999995
2.104 4.208
2.105 4.21
2.106 4.212
2.107 4.214
2.108 4.216
2.109 4.218
2.1100000000000003 4.220000000000001
2.1109999999999998 4.2219999999999995
2.112 4.224
2.113 4.226
2.114 4.228
2.1149999999999998 4.2299999999999995
2.116 4.232
2.117 4.234
2.118 4.236
2.119 4.238
2.12 4.24
2.121 4.242
2.122 4.244
2.123 4.246
2.1239999999999997 4.247999999999999
2.125 4.25
2.126 4.252
2.127 4.254
2.128 4.256
2.129 4.258
2.13 4.26
2.1310000000000002 4.2620000000000005
2.132 4.264
2.133 4.266
2.1340000000000003 4.268000000000001
2.135 4.27
2.136 4.272
2.137 4.274
2.138 4.276
2.139 4.278
2.14 4.28
2.141 4.282
2.142 4.284
2.1430000000000002 4.2860000000000005
2.144 4.288
2.145 4.29
2.146 4.292
2.1470000000000002 4.2940000000000005
2.1479999999999997 4.295999999999999
2.149 4.298
2.15 4.3
2.151 4.302
2.152 4.304
2.153 4.306
2.154 4.308
2.1550000000000002 4.3100000000000005
2.156 4.312
2.157 4.314
2.1580000000000004 4.316000000000001
2.159 4.318
2.16 4.32
2.161 4.322
2.162 4.324
2.163 4.326
2.164 4.328
2.165 4.33
2.166 4.332
2.1670000000000003 4.3340000000000005
2.168 4.336
2.169 4.338
2.17 4.34
2.1710000000000003 4.3420000000000005
2.1719999999999997 4.343999999999999
2.173 4.346
2.174 4.348
2.175 4.35
2.176 4.352
2.177 4.354
2.178 4.356
2.1790000000000003 4.3580000000000005
2.18 4.36
2.181 4.362
2.1820000000000004 4.364000000000001
2.183 4.366
2.184 4.368
2.185 4.37
2.186 4.372
2.187 4.374
2.1879999999999997 4.3759999999999994
2.189 4.378
2.19 4.38
2.191 4.382
2.192 4.384
2.193 4.386
2.194 4.388
2.1950000000000003 4.390000000000001
2.1959999999999997 4.3919999999999995
2.197 4.394
2.198 4.396
2.199 4.398
2.1999999999999997 4.3999999999999995
2.201 4.402
2.202 4.404
2.203 4.406
2.204 4.408
2.205 4.41
2.206 4.412
2.207 4.414
2.208 4.416
2.2089999999999996 4.417999999999999
2.21 4.42
2.211 4.422
2.2119999999999997 4.4239999999999995
2.213 4.426
2.214 4.428
2.215 4.43
2.216 4.432
2.217 4.434
2.218 4.436
2.2190000000000003 4.438000000000001
2.2199999999999998 4.4399999999999995
2.221 4.442
2.222 4.444
2.223 4.446
2.2239999999999998 4.4479999999999995
2.225 4.45
2.226 4.452
2.227 4.454
2.228 4.456
2.229 4.458
2.23 4.46
2.231 4.462
2.232 4.464
2.2329999999999997 4.465999999999999
2.234 4.468
2.235 4.47
2.2359999999999998 4.4719999999999995
2.237 4.474
2.238 4.476
2.239 4.478
2.24 4.48
2.241 4.482
2.242 4.484
2.2430000000000003 4.486000000000001
2.2439999999999998 4.4879999999999995
2.245 4.49
2.246 4.492
2.247 4.494
2.2479999999999998 4.4959999999999996
2.249 4.498
2.25 4.5
2.251 4.502
2.2520000000000002 4.5040000000000004
2.253 4.506
2.254 4.508
2.255 4.51
2.2560000000000002 4.5120000000000005
2.2569999999999997 4.513999999999999
2.258 4.516
2.259 4.518
2.26 4.52
2.261 4.522
2.262 4.524
2.263 4.526
2.2640000000000002 4.5280000000000005
2.265 4.53
2.266 4.532
2.2670000000000003 4.534000000000001
2.268 4.536
2.269 4.538
2.27 4.54
2.271 4.542
2.272 4.544
2.273 4.546
2.274 4.548
2.275 4.55
2.2760000000000002 4.5520000000000005
2.277 4.554
2.278 4.556
2.279 4.558
2.2800000000000002 4.5600000000000005
2.2809999999999997 4.561999999999999
2.282 4.564
2.283 4.566
2.284 4.568
2.285 4.57
2.286 4.572
2.287 4.574
2.2880000000000003 4.5760000000000005
2.289 4.578
2.29 4.58
2.2910000000000004 4.582000000000001
2.292 4.584
2.293 4.586
2.294 4.588
2.295 4.59
2.296 4.592
2.297 4.594
2.298 4.596
2.299 4.598
2.3000000000000003 4.6000000000000005
2.301 4.602
2.302 4.604
2.303 4.606
2.3040000000000003 4.6080000000000005
2.3049999999999997 4.609999999999999
2.306 4.612
2.307 4.614
2.308 4.616
2.309 4.618
2.31 4.62
2.311 4.622
2.3120000000000003 4.6240000000000006
2.313 4.626
2.314 4.628
2.315 4.63
2.316 4.632
2.317 4.634
2.3179999999999996 4.635999999999999
2.319 4.638
2.32 4.64
2.3209999999999997 4.6419999999999995
2.322 4.644
2.323 4.646
2.324 4.648
2.325 4.65
2.326 4.652
2.327 4.654
2.3280000000000003 4.656000000000001
2.3289999999999997 4.6579999999999995
2.33 4.66
2.331 4.662
2.332 4.664
2.3329999999999997 4.6659999999999995
2.334 4.668
2.335 4.67
2.336 4.672
2.337 4.674
2.338 4.676
2.339 4.678
2.34 4.68
2.341 4.682
2.3419999999999996 4.683999999999999
2.343 4.686
2.344 4.688
2.3449999999999998 4.6899999999999995
2.346 4.692
2.347 4.694
2.348 4.696
2.349 4.698
2.35 4.7
2.351 4.702
2.3520000000000003 4.704000000000001
2.3529999999999998 4.7059999999999995
2.354 4.708
2.355 4.71
2.356 4.712
2.3569999999999998 4.7139999999999995
2.358 4.716
2.359 4.718
2.36 4.72
2.361 4.722
2.362 4.724
2.363 4.726
2.364 4.728
2.365 4.73
2.3659999999999997 4.731999999999999
2.367 4.734
2.368 4.736
2.3689999999999998 4.7379999999999995
2.37 4.74
2.371 4.742
2.372 4.744
2.373 4.746
2.374 4.748
2.375 4.75
2.3760000000000003 4.752000000000001
2.377 4.754
2.378 4.756
2.379 4.758
2.38 4.76
2.381 4.762
2.382 4.764
2.383 4.766
2.384 4.768
2.3850000000000002 4.7700000000000005
2.386 4.772
2.387 4.774
2.388 4.776
2.3890000000000002 4.7780000000000005
2.3899999999999997 4.779999999999999
2.391 4.782
2.392 4.784
2.393 4.786
2.394 4.788
2.395 4.79
2.396 4.792
2.3970000000000002 4.7940000000000005
2.398 4.796
2.399 4.798
2.4000000000000004 4.800000000000001
2.401 4.802
2.402 4.804
2.403 4.806
2.404 4.808
2.405 4.81
2.406 4.812
2.407 4.814
2.408 4.816
2.4090000000000003 4.8180000000000005
2.41 4.82
2.411 4.822
2.412 4.824
2.4130000000000003 4.8260000000000005
2.4139999999999997 4.827999999999999
2.415 4.83
2.416 4.832
2.417 4.834
2.418 4.836
2.419 4.838
2.42 4.84
2.4210000000000003 4.8420000000000005
2.422 4.844
2.423 4.846
2.4240000000000004 4.848000000000001
2.425 4.85
2.426 4.852
2.427 4.854
2.428 4.856
2.429 4.858
2.43 4.86
2.431 4.862
2.432 4.864
2.4330000000000003 4.8660000000000005
2.434 4.868
2.435 4.87
2.436 4.872
2.4370000000000003 4.8740000000000006
2.4379999999999997 4.8759999999999994
2.439 4.878
2.44 4.88
2.441 4.882
2.4419999999999997 4.8839999999999995
2.443 4.886
2.444 4.888
2.445 4.89
2.446 4.892
2.447 4.894
2.448 4.896
2.449 4.898
2.45 4.9
2.4509999999999996 4.901999999999999
2.452 4.904
2.453 4.906
2.4539999999999997 4.9079999999999995
2.455 4.91
2.456 4.912
2.457 4.914
2.458 4.916
2.459 4.918
2.46 4.92
2.4610000000000003 4.922000000000001
2.4619999999999997 4.9239999999999995
2.463 4.926
2.464 4.928
2.465 4.93
2.4659999999999997 4.9319999999999995
2.467 4.934
2.468 4.936
2.469 4.938
2.47 4.94
2.471 4.942
2.472 4.944
2.473 4.946
2.474 4.948
2.4749999999999996 4.949999999999999
2.476 4.952
2.477 4.954
2.4779999999999998 4.9559999999999995
2.479 4.958
2.48 4.96
2.481 4.962
2.482 4.964
2.483 4.966
2.484 4.968
2.4850000000000003 4.970000000000001
2.4859999999999998 4.9719999999999995
2.487 4.974
2.488 4.976
2.489 4.978
2.4899999999999998 4.9799999999999995
2.491 4.982
2.492 4.984
2.493 4.986
2.494 4.988
2.495 4.99
2.496 4.992
2.497 4.994
2.498 4.996
2.4989999999999997 4.997999999999999
2.5 5.0
2.501 5.002
2.502 5.004
2.503 5.006
2.504 5.008
2.505 5.01
2.5060000000000002 5.0120000000000005
2.507 5.014
2.508 5.016
2.5090000000000003 5.018000000000001
2.51 5.02
2.511 5.022
2.512 5.024
2.513 5.026
2.514 5.028
2.515 5.03
2.516 5.032
2.517 5.034
2.5180000000000002 5.0360000000000005
2.519 5.038
2.52 5.04
2.521 5.042
2.5220000000000002 5.0440000000000005
2.5229999999999997 5.045999999999999
2.524 5.048
2.525 5.05
2.526 5.052
2.527 5.054
2.528 5.056
2.529 5.058
2.5300000000000002 5.0600000000000005
2.531 5.062
2.532 5.064
2.5330000000000004 5.066000000000001
2.534 5.068
2.535 5.07
2.536 5.072
2.537 5.074
2.538 5.076
2.539 5.078
2.54 5.08
2.541 5.082
2.5420000000000003 5.0840000000000005
2.543 5.086
2.544 5.088
2.545 5.09
2.5460000000000003 5.0920000000000005
2.5469999999999997 5.093999999999999
2.548 5.096
2.549 5.098
2.55 5.1
2.551 5.102
2.552 5.104
2.553 5.106
2.5540000000000003 5.1080000000000005
2.555 5.11
2.556 5.112
2.5570000000000004 5.114000000000001
2.558 5.116
2.559 5.118
2.56 5.12
2.561 5.122
2.562 5.124
2.5629999999999997 5.1259999999999994
2.564 5.128
2.565 5.13
2.566 5.132
2.567 5.134
2.568 5.136
2.569 5.138
2.5700000000000003 5.140000000000001
2.5709999999999997 5.1419999999999995
2.572 5.144
2.573 5.146
2.574 5.148
2.5749999999999997 5.1499999999999995
2.576 5.152
2.577 5.154
2.578 5.156
2.579 5.158
2.58 5.16
2.581 5.162
2.582 5.164
2.583 5.166
2.5839999999999996 5.167999999999999
2.585 5.17
2.586 5.172
2.5869999999999997 5.1739999999999995
2.588 5.176
2.589 5.178
2.59 5.18
2.591 5.182
2.592 5.184
2.593 5.186
2.5940000000000003 5.188000000000001
2.5949999999999998 5.1899999999999995
2.596 5.192
2.597 5.194
2.598 5.196
2.5989999999999998 5.1979999999999995
2.6 5.2
2.601 5.202
2.602 5.204
2.603 5.206
2.604 5.208
2.605 5.21
2.606 5.212
2.607 5.214
2.6079999999999997 5.215999999999999
2.609 5.218
2.61 5.22
2.6109999999999998 5.2219999999999995
2.612 5.224
2.613 5.226
2.614 5.228
2.615 5.23
2.616 5.232
2.617 5.234
2.6180000000000003 5.236000000000001
2.6189999999999998 5.2379999999999995
2.62 5.24
2.621 5.242
2.622 5.244
2.6229999999999998 5.2459999999999996
2.624 5.248
2.625 5.25
2.626 5.252
2.6270000000000002 5.2540000000000004
2.628 5.256
2.629 5.258
2.63 5.26
2.6310000000000002 5.2620000000000005
2.6319999999999997 5.263999999999999
2.633 5.266
2.634 5.268
2.635 5.27
2.636 5.272
2.637 5.274
2.638 5.276
2.6390000000000002 5.2780000000000005
2.64 5.28
2.641 5.282
2.6420000000000003 5.284000000000001
2.643 5.286
2.644 5.288
2.645 5.29
2.646 5.292
2.647 5.294
2.648 5.296
2.649 5.298
2.65 5.3
2.6510000000000002 5.3020000000000005
2.652 5.304
2.653 5.306
2.654 5.308
2.6550000000000002 5.3100000000000005
2.6559999999999997 5.311999999999999
2.657 5.314
2.658 5.316
2.659 5.318
2.66 5.32
2.661 5.322
2.662 5.324
2.6630000000000003 5.3260000000000005
2.664 5.328
2.665 5.33
2.6660000000000004 5.332000000000001
2.667 5.334
2.668 5.336
2.669 5.338
2.67 5.34
2.671 5.342
2.672 5.344
2.673 5.346
2.674 5.348
2.6750000000000003 5.3500000000000005
2.676 5.352
2.677 5.354
2.678 5.356
2.6790000000000003 5.3580000000000005
2.6799999999999997 5.359999999999999
2.681 5.362
2.682 5.364
2.683 5.366
2.684 5.368
2.685 5.37
2.686 5.372
2.6870000000000003 5.3740000000000006
2.688 5.376
2.689 5.378
2.69 5.38
2.691 5.382
2.692 5.384
2.6929999999999996 5.385999999999999
2.694 5.388
2.695 5.39
2.6959999999999997 5.3919999999999995
2.697 5.394
2.698 5.396
2.699 5.398
2.7 5.4
2.701 5.402
2.702 5.404
2.7030000000000003 5.406000000000001
2.7039999999999997 5.4079999999999995
2.705 5.41
2.706 5.412
2.707 5.414
2.7079999999999997 5.4159999999999995
2.709 5.418
2.71 5.42
2.711 5.422
2.712 5.424
2.713 5.426
2.714 5.428
2.715 5.43
2.716 5.432
2.7169999999999996 5.433999999999999
2.718 5.436
2.719 5.438
2.7199999999999998 5.4399999999999995
2.721 5.442
2.722 5.444
2.723 5.446
2.724 5.448
2.725 5.45
2.726 5.452
2.7270000000000003 5.454000000000001
2.7279999999999998 5.4559999999999995
2.729 5.458
2.73 5.46
2.731 5.462
2.7319999999999998 5.4639999999999995
2.733 5.466
2.734 5.468
2.735 5.47
2.736 5.472
2.737 5.474
2.738 5.476
2.739 5.478
2.74 5.48
2.7409999999999997 5.481999999999999
2.742 5.484
2.743 5.486
2.7439999999999998 5.4879999999999995
2.745 5.49
2.746 5.492
2.747 5.494
2.748 5.496
2.749 5.498
2.75 5.5
2.7510000000000003 5.502000000000001
2.752 5.504
2.753 5.506
2.754 5.508
2.755 5.51
2.756 5.512
2.757 5.514
2.758 5.516
2.759 5.518
2.7600000000000002 5.5200000000000005
2.761 5.522
2.762 5.524
2.763 5.526
2.7640000000000002 5.5280000000000005
2.7649999999999997 5.529999999999999
2.766 5.532
2.767 5.534
2.768 5.536
2.769 5.538
2.77 5.54
2.771 5.542
2.7720000000000002 5.5440000000000005
2.773 5.546
2.774 5.548
2.7750000000000004 5.550000000000001
2.776 5.552
2.777 5.554
2.778 5.556
2.779 5.558
2.78 5.56
2.781 5.562
2.782 5.564
2.783 5.566
2.7840000000000003 5.5680000000000005
2.785 5.57
2.786 5.572
2.787 5.574
2.7880000000000003 5.5760000000000005
2.7889999999999997 5.577999999999999
2.79 5.58
2.791 5.582
2.792 5.584
2.793 5.586
2.794 5.588
2.795 5.59
2.7960000000000003 5.5920000000000005
2.797 5.594
2.798 5.596
2.7990000000000004 5.598000000000001
2.8 5.6
2.801 5.602
2.802 5.604
2.803 5.606
2.804 5.608
2.805 5.61
2.806 5.612
2.807 5.614
2.8080000000000003 5.6160000000000005
2.809 5.618
2.81 5.62
2.811 5.622
2.8120000000000003 5.6240000000000006
2.8129999999999997 5.6259999999999994
2.814 5.628
2.815 5.63
2.816 5.632
2.8169999999999997 5.6339999999999995
2.818 5.636
2.819 5.638
2.82 5.64
2.821 5.642
2.822 5.644
2.823 5.646
2.824 5.648
2.825 5.65
2.8259999999999996 5.651999999999999
2.827 5.654
2.828 5.656
2.8289999999999997 5.6579999999999995
2.83 5.66
2.831 5.662
2.832 5.664
2.833 5.666
2.834 5.668
2.835 5.67
2.8360000000000003 5.672000000000001
2.8369999999999997 5.6739999999999995
2.838 5.676
2.839 5.678
2.84 5.68
2.8409999999999997 5.6819999999999995
2.842 5.684
2.843 5.686
2.844 5.688
2.845 5.69
2.846 5.692
2.847 5.694
2.848 5.696
2.849 5.698
2.8499999999999996 5.699999999999999
2.851 5.702
2.852 5.704
2.8529999999999998 5.7059999999999995
2.854 5.708
2.855 5.71
2.856 5.712
2.857 5.714
2.858 5.716
2.859 5.718
2.8600000000000003 5.720000000000001
2.8609999999999998 5.7219999999999995
2.862 5.724
2.863 5.726
2.864 5.728
2.8649999999999998 5.7299999999999995
2.866 5.732
2.867 5.734
2.868 5.736
2.869 5.738
2.87 5.74
2.871 5.742
2.872 5.744
2.873 5.746
2.8739999999999997 5.747999999999999
2.875 5.75
2.876 5.752
2.877 5.754
2.878 5.756
2.879 5.758
2.88 5.76
2.8810000000000002 5.7620000000000005
2.882 5.764
2.883 5.766
2.8840000000000003 5.768000000000001
2.885 5.77
2.886 5.772
2.887 5.774
2.888 5.776
2.889 5.778
2.89 5.78
2.891 5.782
2.892 5.784
2.8930000000000002 5.7860000000000005
2.894 5.788
2.895 5.79
2.896 5.792
2.8970000000000002 5.7940000000000005
2.8979999999999997 5.795999999999999
2.899 5.798
2.9 5.8
2.901 5.802
2.902 5.804
2.903 5.806
2.904 5.808
2.9050000000000002 5.8100000000000005
2.906 5.812
2.907 5.814
2.9080000000000004 5.816000000000001
2.909 5.818
2.91 5.82
2.911 5.822
2.912 5.824
2.913 5.826
2.914 5.828
2.915 5.83
2.916 5.832
2.9170000000000003 5.8340000000000005
2.918 5.836
2.919 5.838
2.92 5.84
2.9210000000000003 5.8420000000000005
2.9219999999999997 5.843999999999999
2.923 5.846
2.924 5.848
2.925 5.85
2.926 5.852
2.927 5.854
2.928 5.856
2.9290000000000003 5.8580000000000005
2.93 5.86
2.931 5.862
2.9320000000000004 5.864000000000001
2.933 5.866
2.934 5.868
2.935 5.87
2.936 5.872
2.937 5.874
2.9379999999999997 5.8759999999999994
2.939 5.878
2.94 5.88
2.941 5.882
2.942 5.884
2.943 5.886
2.944 5.888
2.9450000000000003 5.890000000000001
2.9459999999999997 5.8919999999999995
2.947 5.894
2.948 5.896
2.949 5.898
2.9499999999999997 5.8999999999999995
2.951 5.902
2.952 5.904
2.953 5.906
2.954 5.908
2.955 5.91
2.956 5.912
2.957 5.914
2.958 5.916
2.9589999999999996 5.917999999999999
2.96 5.92
2.961 5.922
2.9619999999999997 5.9239999999999995
2.963 5.926
2.964 5.928
2.965 5.93
2.966 5.932
2.967 5.934
2.968 5.936
2.9690000000000003 5.938000000000001
2.9699999999999998 5.9399999999999995
2.971 5.942
2.972 5.944
2.973 5.946
2.9739999999999998 5.9479999999999995
2.975 5.95
2.976 5.952
2.977 5.954
2.978 5.956
2.979 5.958
2.98 5.96
2.981 5.962
2.982 5.964
2.9829999999999997 5.965999999999999
2.984 5.968
2.985 5.97
2.9859999999999998 5.9719999999999995
2.987 5.974
2.988 5.976
2.989 5.978
2.99 5.98
2.991 5.982
2.992 5.984
2.9930000000000003 5.986000000000001
2.9939999999999998 5.9879999999999995
2.995 5.99
2.996 5.992
2.997 5.994
2.9979999999999998 5.9959999999999996
2.999 5.998
0 0 0
3 6 0
