0.0 0.0
0.0020002222222222222 0.003999333333333334
0.004000888888888888 0.007997333333333332
0.006002 0.011994000000000001
0.008003555555555555 0.01598933333333333
0.010005555555555556 0.019983333333333336
0.012008 0.023975999999999997
0.014010888888888892 0.02796733333333334
0.01601422222222222 0.03195733333333334
0.018018 0.035946
0.020022222222222226 0.03993333333333334
0.022026888888888888 0.04391933333333333
0.024032 0.047904
0.026037555555555553 0.05188733333333333
0.028043555555555554 0.05586933333333333
0.030049999999999997 0.059849999999999993
0.03205688888888889 0.06382933333333334
0.034064222222222225 0.06780733333333333
0.036072 0.071784
0.038080222222222224 0.07575933333333333
0.04008888888888889 0.07973333333333334
0.042098000000000003 0.083706
0.04410755555555556 0.08767733333333334
0.04611755555555555 0.09164733333333333
0.048128 0.09561599999999999
0.050138888888888886 0.09958333333333333
0.052150222222222216 0.10354933333333333
0.054161999999999995 0.10751399999999998
0.05617422222222222 0.11147733333333334
0.05818688888888889 0.11543933333333334
0.0602 0.11939999999999999
0.062213555555555564 0.12335933333333335
0.06422755555555557 0.12731733333333334
0.066242 0.131274
0.06825688888888891 0.13522933333333337
0.07027222222222222 0.13918333333333333
0.072288 0.143136
0.07430422222222223 0.14708733333333335
0.07632088888888888 0.15103733333333333
0.078338 0.15498599999999998
0.08035555555555557 0.15893333333333334
0.08237355555555555 0.16287933333333332
0.08439200000000001 0.16682400000000003
0.08641088888888888 0.17076733333333333
0.08843022222222222 0.17470933333333333
0.09044999999999999 0.17864999999999998
0.09247022222222222 0.18258933333333333
0.09449088888888887 0.18652733333333332
0.096512 0.19046400000000002
0.09853355555555554 0.1943993333333333
0.10055555555555555 0.19833333333333333
0.102578 0.20226600000000003
0.10460088888888888 0.20619733333333332
0.10662422222222223 0.21012733333333333
0.10864799999999998 0.21405599999999997
0.11067222222222224 0.21798333333333336
0.1126968888888889 0.22190933333333335
0.114722 0.225834
0.11674755555555558 0.22975733333333337
0.11877355555555554 0.2336793333333333
0.12079999999999999 0.2376
0.12282688888888887 0.2415193333333333
0.12485422222222223 0.24543733333333334
0.126882 0.24935400000000002
0.1289102222222222 0.2532693333333333
0.13093888888888888 0.2571833333333333
0.13296799999999998 0.261096
0.13499755555555557 0.2650073333333333
0.13702755555555557 0.2689173333333334
0.13905800000000001 0.272826
0.1410888888888889 0.27673333333333333
0.14312022222222223 0.28063933333333335
0.145152 0.284544
0.14718422222222222 0.2884473333333333
0.1492168888888889 0.29234933333333335
0.15125 0.29624999999999996
0.15328355555555556 0.3001493333333333
0.15531755555555557 0.30404733333333334
0.15735199999999996 0.30794399999999994
0.1593868888888889 0.31183933333333336
0.16142222222222222 0.3157333333333333
0.163458 0.31962599999999997
0.16549422222222224 0.3235173333333334
0.1675308888888889 0.3274073333333334
0.169568 0.331296
0.17160555555555554 0.33518333333333333
0.17364355555555558 0.33906933333333333
0.175682 0.342954
0.17772088888888887 0.3468373333333333
0.17976022222222224 0.3507193333333333
0.18180000000000002 0.3546
0.1838402222222222 0.3584793333333333
0.1858808888888889 0.36235733333333336
0.187922 0.366234
0.18996355555555555 0.3701093333333333
0.1920055555555556 0.3739833333333334
0.194048 0.37785599999999997
0.19609088888888887 0.3817273333333333
0.1981342222222222 0.3855973333333333
0.200178 0.389466
0.20222222222222222 0.3933333333333333
0.20426688888888886 0.3971993333333333
0.206312 0.401064
0.20835755555555557 0.40492733333333336
0.21040355555555554 0.4087893333333333
0.21245000000000003 0.4126500000000001
0.2144968888888889 0.41650933333333334
0.21654422222222225 0.42036733333333337
0.21859199999999995 0.42422399999999993
0.22064022222222224 0.42807933333333337
0.22268888888888888 0.43193333333333334
0.22473799999999997 0.43578599999999995
0.22678755555555558 0.4396373333333334
0.22883755555555557 0.44348733333333334
0.230888 0.447336
0.23293888888888883 0.4511833333333332
0.23499022222222224 0.4550293333333334
0.237042 0.458874
0.2390942222222222 0.4627173333333333
0.2411468888888889 0.4665593333333334
0.2432 0.4704
0.24525355555555556 0.47423933333333335
0.24730755555555556 0.47807733333333335
0.24936199999999997 0.48191399999999995
0.25141688888888886 0.4857493333333333
0.2534722222222222 0.4895833333333333
0.255528 0.49341599999999997
0.2575842222222222 0.4972473333333334
0.25964088888888887 0.5010773333333333
0.261698 0.504906
0.2637555555555556 0.5087333333333334
0.2658135555555556 0.5125593333333334
0.267872 0.516384
0.2699308888888889 0.5202073333333334
0.27199022222222224 0.5240293333333333
0.27404999999999996 0.5278499999999999
0.27611022222222226 0.5316693333333334
0.2781708888888889 0.5354873333333333
0.280232 0.539304
0.2822935555555555 0.5431193333333333
0.2843555555555556 0.5469333333333334
0.286418 0.550746
0.2884808888888889 0.5545573333333333
0.29054422222222226 0.5583673333333333
0.292608 0.5621759999999999
0.29467222222222217 0.5659833333333333
0.2967368888888889 0.5697893333333334
0.298802 0.573594
0.30086755555555555 0.5773973333333333
0.3029335555555555 0.5811993333333333
0.305 0.585
0.3070668888888889 0.5887993333333333
0.3091342222222222 0.5925973333333333
0.311202 0.596394
0.3132702222222222 0.6001893333333334
0.31533888888888895 0.6039833333333334
0.31740799999999997 0.607776
0.31947755555555557 0.6115673333333334
0.3215475555555556 0.6153573333333334
0.32361799999999996 0.619146
0.3256888888888889 0.6229333333333333
0.32776022222222223 0.6267193333333334
0.329832 0.630504
0.3319042222222222 0.6342873333333333
0.33397688888888893 0.6380693333333334
0.33605 0.64185
0.3381235555555555 0.6456293333333333
0.3401975555555556 0.6494073333333334
0.34227199999999997 0.653184
0.34434688888888887 0.6569593333333333
0.3464222222222222 0.6607333333333333
0.348498 0.6645059999999999
0.3505742222222222 0.6682773333333333
0.35265088888888885 0.6720473333333332
0.354728 0.675816
0.35680555555555554 0.6795833333333333
0.35888355555555557 0.6833493333333334
0.360962 0.687114
0.3630408888888889 0.6908773333333333
0.36512022222222223 0.6946393333333334
0.36719999999999997 0.6983999999999999
0.36928022222222223 0.7021593333333334
0.3713608888888889 0.7059173333333334
0.37344200000000005 0.709674
0.37552355555555555 0.7134293333333332
0.3776055555555556 0.7171833333333334
0.379688 0.720936
0.3817708888888888 0.7246873333333332
0.3838542222222222 0.7284373333333333
0.385938 0.732186
0.38802222222222227 0.7359333333333334
0.3901068888888889 0.7396793333333334
0.392192 0.743424
0.39427755555555555 0.7471673333333333
0.3963635555555555 0.7509093333333333
0.39845 0.75465
0.40053688888888883 0.7583893333333332
0.4026242222222222 0.7621273333333333
0.40471199999999996 0.765864
0.40680022222222223 0.7695993333333333
0.40888888888888886 0.7733333333333332
0.41097800000000007 0.7770660000000001
0.4130675555555555 0.7807973333333333
0.41515755555555556 0.7845273333333334
0.417248 0.788256
0.4193388888888888 0.7919833333333333
0.42143022222222226 0.7957093333333334
0.42352200000000007 0.7994340000000001
0.42561422222222217 0.8031573333333333
0.4277068888888889 0.8068793333333334
0.42980000000000007 0.8106000000000001
0.43189355555555553 0.8143193333333333
0.4339875555555556 0.8180373333333335
0.4360819999999999 0.8217539999999999
0.4381768888888889 0.8254693333333334
0.4402722222222223 0.8291833333333335
0.44236800000000004 0.8328960000000001
0.4444642222222222 0.8366073333333333
0.4465608888888889 0.8403173333333334
0.448658 0.8440259999999999
0.4507555555555555 0.8477333333333332
0.4528535555555556 0.8514393333333334
0.454952 0.855144
0.4570508888888889 0.8588473333333334
0.45915022222222224 0.8625493333333333
0.46125000000000005 0.8662500000000002
0.4633502222222222 0.8699493333333334
0.46545088888888886 0.8736473333333333
0.4675520000000001 0.8773440000000001
0.46965355555555555 0.8810393333333333
0.4717555555555555 0.8847333333333333
0.473858 0.888426
0.47596088888888893 0.8921173333333334
0.47806422222222217 0.8958073333333332
0.480168 0.899496
0.4822722222222222 0.9031833333333333
0.48437688888888886 0.9068693333333333
0.48648199999999997 0.910554
0.4885875555555556 0.9142373333333333
0.49069355555555555 0.9179193333333333
0.49280000000000007 0.9216000000000001
0.4949068888888889 0.9252793333333333
0.4970142222222222 0.9289573333333333
0.499122 0.9326340000000001
0.5012302222222221 0.9363093333333332
0.5033388888888889 0.9399833333333333
0.505448 0.943656
0.5075575555555555 0.9473273333333333
0.5096675555555555 0.9509973333333333
0.5117780000000001 0.9546660000000001
0.5138888888888888 0.9583333333333333
0.5160002222222223 0.9619993333333334
0.5181120000000001 0.9656640000000002
0.5202242222222222 0.9693273333333333
0.522336888888889 0.9729893333333334
0.5244500000000001 0.9766500000000001
0.5265635555555556 0.9803093333333333
0.5286775555555556 0.9839673333333334
0.5307919999999999 0.987624
0.5329068888888888 0.9912793333333332
0.5350222222222223 0.9949333333333334
0.5371379999999999 0.9985859999999999
0.5392542222222222 1.0022373333333334
0.541370888888889 1.0058873333333334
0.543488 1.009536
0.5456055555555556 1.0131833333333333
0.5477235555555555 1.0168293333333334
0.549842 1.020474
0.5519608888888888 1.0241173333333333
0.5540802222222222 1.0277593333333332
0.5562 1.0314
0.5583202222222223 1.0350393333333334
0.5604408888888889 1.0386773333333332
0.562562 1.042314
0.5646835555555556 1.0459493333333334
0.5668055555555556 1.0495833333333333
0.568928 1.053216
0.5710508888888889 1.0568473333333332
0.5731742222222223 1.0604773333333333
0.5752980000000001 1.0641060000000002
0.5774222222222222 1.0677333333333332
0.5795468888888888 1.071359333333333
0.581672 1.074984
0.5837975555555556 1.0786073333333333
0.5859235555555555 1.0822293333333333
0.5880500000000001 1.08585
0.5901768888888889 1.0894693333333334
0.5923042222222222 1.0930873333333333
0.5944320000000001 1.0967040000000001
0.5965602222222223 1.1003193333333334
0.5986888888888889 1.1039333333333334
0.6008180000000001 1.1075460000000001
0.6029475555555556 1.1111573333333333
0.6050775555555554 1.1147673333333332
0.607208 1.118376
0.6093388888888889 1.1219833333333333
0.6114702222222221 1.125589333333333
0.6136020000000001 1.129194
0.6157342222222222 1.1327973333333334
0.6178668888888889 1.1363993333333333
0.6200000000000001 1.1400000000000001
0.6221335555555555 1.1435993333333334
0.6242675555555556 1.1471973333333332
0.626402 1.150794
0.6285368888888889 1.1543893333333335
0.6306722222222222 1.1579833333333331
0.6328079999999999 1.161576
0.6349442222222221 1.1651673333333332
0.637080888888889 1.1687573333333336
0.6392179999999998 1.1723459999999997
0.6413555555555556 1.1759333333333335
0.6434935555555557 1.1795193333333334
0.645632 1.1831040000000002
0.6477708888888889 1.1866873333333332
0.6499102222222223 1.1902693333333334
0.6520499999999999 1.1938499999999999
0.6541902222222222 1.1974293333333335
0.6563308888888889 1.2010073333333333
0.658472 1.2045839999999999
0.6606135555555556 1.2081593333333334
0.6627555555555555 1.2117333333333333
0.6648980000000001 1.2153060000000002
0.6670408888888889 1.2188773333333334
0.6691842222222222 1.2224473333333332
0.6713279999999999 1.226016
0.6734722222222222 1.2295833333333333
0.6756168888888888 1.2331493333333332
0.677762 1.2367139999999999
0.6799075555555556 1.2402773333333335
0.6820535555555555 1.2438393333333333
0.6842 1.2474
0.6863468888888888 1.2509593333333333
0.6884942222222222 1.2545173333333333
0.690642 1.258074
0.6927902222222223 1.2616293333333335
0.6949388888888889 1.2651833333333333
0.697088 1.268736
0.6992375555555556 1.2722873333333333
0.7013875555555555 1.2758373333333333
0.703538 1.279386
0.7056888888888888 1.2829333333333333
0.7078402222222222 1.286479333333333
0.709992 1.290024
0.7121442222222223 1.2935673333333333
0.7142968888888889 1.2971093333333332
0.7164500000000001 1.3006500000000003
0.7186035555555554 1.3041893333333332
0.7207575555555555 1.3077273333333332
0.722912 1.311264
0.7250668888888889 1.3147993333333334
0.7272222222222222 1.3183333333333334
0.7293780000000001 1.321866
0.7315342222222222 1.3253973333333333
0.7336908888888889 1.3289273333333331
0.7358479999999998 1.3324559999999999
0.7380055555555556 1.3359833333333333
0.7401635555555556 1.3395093333333334
0.7423219999999998 1.3430339999999998
0.744480888888889 1.3465573333333336
0.7466402222222223 1.3500793333333334
0.7488 1.3536000000000001
0.7509602222222223 1.3571193333333333
0.753120888888889 1.3606373333333335
0.755282 1.364154
0.7574435555555556 1.3676693333333336
0.7596055555555555 1.3711833333333334
0.7617679999999999 1.374696
0.7639308888888889 1.3782073333333333
0.7660942222222221 1.3817173333333332
0.7682580000000001 1.385226
0.7704222222222221 1.3887333333333332
0.7725868888888888 1.3922393333333332
0.774752 1.3957439999999999
0.7769175555555556 1.3992473333333335
0.7790835555555555 1.4027493333333332
0.78125 1.40625
0.7834168888888888 1.4097493333333333
0.7855842222222222 1.4132473333333333
0.787752 1.416744
0.7899202222222221 1.4202393333333332
0.792088888888889 1.4237333333333335
0.794258 1.4272259999999999
0.7964275555555556 1.4307173333333334
0.7985975555555556 1.4342073333333334
0.800768 1.437696
0.8029388888888889 1.4411833333333335
0.8051102222222223 1.4446693333333334
0.807282 1.4481540000000002
0.8094542222222222 1.4516373333333332
0.8116268888888889 1.4551193333333332
0.8138 1.4586
0.8159735555555555 1.462079333333333
0.8181475555555553 1.465557333333333
0.820322 1.4690340000000002
0.8224968888888888 1.4725093333333332
0.8246722222222223 1.4759833333333334
0.826848 1.479456
0.8290242222222222 1.4829273333333333
0.8312008888888888 1.4863973333333331
0.833378 1.489866
0.8355555555555556 1.4933333333333334
0.8377335555555555 1.4967993333333334
0.839912 1.500264
0.8420908888888889 1.5037273333333334
0.8442702222222223 1.5071893333333333
0.84645 1.51065
0.8486302222222223 1.5141093333333333
0.8508108888888889 1.5175673333333333
0.8529920000000001 1.5210240000000002
0.8551735555555555 1.5244793333333333
0.8573555555555555 1.5279333333333334
0.8595380000000001 1.5313860000000001
0.8617208888888889 1.5348373333333334
0.8639042222222223 1.5382873333333333
0.8660880000000001 1.541736
0.8682722222222221 1.5451833333333331
0.8704568888888888 1.5486293333333332
0.8726420000000001 1.5520740000000002
0.8748275555555556 1.5555173333333334
0.8770135555555556 1.5589593333333334
0.8792000000000001 1.5624
0.8813868888888889 1.5658393333333334
0.883574222222222 1.5692773333333332
0.8857619999999999 1.572714
0.8879502222222223 1.5761493333333336
0.8901388888888889 1.5795833333333333
0.8923279999999999 1.5830159999999998
0.8945175555555556 1.5864473333333333
0.8967075555555556 1.5898773333333334
0.8988979999999999 1.5933059999999997
0.901088888888889 1.5967333333333336
0.9032802222222222 1.6001593333333333
0.9054719999999998 1.603584
0.9076642222222224 1.6070073333333337
0.9098568888888888 1.6104293333333333
0.9120499999999999 1.6138499999999998
0.9142435555555557 1.6172693333333337
0.9164375555555556 1.6206873333333334
0.9186319999999999 1.6241039999999998
0.9208268888888889 1.6275193333333333
0.9230222222222222 1.6309333333333331
0.9252179999999999 1.6343459999999999
0.9274142222222224 1.6377573333333335
0.929610888888889 1.6411673333333334
0.931808 1.644576
0.9340055555555558 1.6479833333333336
0.9362035555555555 1.6513893333333332
0.938402 1.6547939999999999
0.940600888888889 1.6581973333333335
0.9428002222222223 1.6615993333333334
0.9449999999999998 1.6649999999999998
0.9472002222222223 1.6683993333333336
0.949400888888889 1.6717973333333334
0.951602 1.6751939999999998
0.9538035555555555 1.6785893333333333
0.9560055555555556 1.6819833333333334
0.958208 1.685376
0.9604108888888889 1.6887673333333333
0.9626142222222221 1.6921573333333333
0.964818 1.695546
0.9670222222222221 1.6989333333333332
0.969226888888889 1.7023193333333335
0.971432 1.7057039999999999
0.9736375555555554 1.7090873333333332
0.9758435555555555 1.7124693333333332
0.9780500000000001 1.71585
0.9802568888888887 1.719229333333333
0.9824642222222224 1.7226073333333336
0.984672 1.725984
0.9868802222222222 1.7293593333333332
0.9890888888888889 1.7327333333333332
0.991298 1.736106
0.9935075555555555 1.739477333333333
0.9957175555555557 1.7428473333333336
0.9979279999999999 1.7462159999999998
1.000138888888889 1.7495833333333333
1.0023502222222223 1.7529493333333335
1.004562 1.7563139999999997
1.0067742222222222 1.7596773333333333
1.0089868888888889 1.7630393333333334
1.0112 1.7664
1.0134135555555557 1.7697593333333335
1.0156275555555556 1.7731173333333334
1.0178420000000001 1.776474
1.0200568888888888 1.7798293333333333
1.022272222222222 1.7831833333333331
1.0244879999999998 1.786536
1.0267042222222222 1.7898873333333332
1.0289208888888888 1.7932373333333331
1.031138 1.796586
1.0333555555555556 1.7999333333333332
1.0355735555555556 1.8032793333333335
1.037792 1.806624
1.0400108888888888 1.8099673333333335
1.0422302222222222 1.8133093333333332
1.04445 1.81665
1.0466702222222222 1.8199893333333335
1.0488908888888888 1.8233273333333333
1.051112 1.826664
1.0533335555555556 1.8299993333333333
1.0555555555555554 1.8333333333333333
1.0577779999999999 1.836666
1.060000888888889 1.8399973333333335
1.062224222222222 1.843327333333333
1.064448 1.846656
1.0666722222222222 1.8499833333333335
1.0688968888888888 1.8533093333333333
1.071122 1.8566340000000001
1.0733475555555556 1.8599573333333335
1.0755735555555557 1.8632793333333335
1.0778 1.8666
1.0800268888888889 1.8699193333333333
1.0822542222222222 1.8732373333333332
1.0844820000000002 1.8765540000000003
1.0867102222222222 1.8798693333333332
1.088938888888889 1.8831833333333334
1.091168 1.8864959999999997
1.0933975555555555 1.8898073333333334
1.0956275555555557 1.8931173333333335
1.097858 1.8964259999999997
1.100088888888889 1.8997333333333333
1.1023202222222221 1.9030393333333335
1.104552 1.906344
1.1067842222222222 1.9096473333333333
1.109016888888889 1.9129493333333334
1.1112499999999998 1.9162499999999998
1.1134835555555556 1.9195493333333336
1.1157175555555554 1.9228473333333334
1.117952 1.9261440000000003
1.120186888888889 1.9294393333333335
1.1224222222222222 1.9327333333333334
1.1246579999999997 1.9360259999999996
1.1268942222222222 1.9393173333333333
1.129130888888889 1.9426073333333336
1.131368 1.945896
1.1336055555555555 1.9491833333333333
1.1358435555555555 1.9524693333333334
1.138082 1.955754
1.140320888888889 1.9590373333333333
1.1425602222222224 1.9623193333333335
1.1448 1.9655999999999998
1.1470402222222225 1.9688793333333336
1.149280888888889 1.9721573333333335
1.151522 1.975434
1.1537635555555557 1.9787093333333334
1.1560055555555555 1.9819833333333334
1.158248 1.9852560000000001
1.1604908888888887 1.988527333333333
1.1627342222222223 1.9917973333333334
1.1649779999999998 1.9950659999999996
1.1672222222222222 1.9983333333333333
1.1694668888888888 2.001599333333333
1.171712 2.0048640000000004
1.1739575555555555 2.0081273333333334
1.1762035555555557 2.0113893333333333
1.17845 2.01465
1.1806968888888887 2.017909333333333
1.1829442222222224 2.0211673333333335
1.185192 2.0244240000000002
1.187440222222222 2.027679333333333
1.189688888888889 2.0309333333333335
1.191938 2.034186
1.1941875555555554 2.037437333333333
1.1964375555555558 2.0406873333333335
1.198688 2.043936
1.200938888888889 2.0471833333333334
1.2031902222222224 2.0504293333333337
1.2054420000000001 2.053674
1.207694222222222 2.0569173333333333
1.2099468888888891 2.0601593333333335
1.2122000000000002 2.0634
1.2144535555555556 2.0666393333333333
1.2167075555555555 2.0698773333333333
1.2189619999999999 2.073114
1.2212168888888888 2.0763493333333334
1.2234722222222223 2.0795833333333333
1.2257280000000002 2.0828160000000002
1.2279842222222221 2.086047333333333
1.2302408888888892 2.089277333333334
1.232498 2.0925059999999998
1.2347555555555556 2.0957333333333334
1.2370135555555555 2.098959333333333
1.2392720000000002 2.1021840000000003
1.2415308888888887 2.105407333333333
1.2437902222222221 2.108629333333333
1.24605 2.11185
1.248310222222222 2.115069333333333
1.250570888888889 2.1182873333333334
1.2528320000000002 2.121504
1.2550935555555556 2.124719333333333
1.2573555555555556 2.127933333333333
1.259618 2.1311459999999998
1.2618808888888888 2.134357333333333
1.2641442222222221 2.137567333333333
1.2664080000000002 2.1407760000000002
1.2686722222222222 2.1439833333333334
1.2709368888888888 2.147189333333333
1.273202 2.150394
1.2754675555555557 2.1535973333333334
1.2777335555555553 2.156799333333333
1.2800000000000002 2.1600000000000006
1.282266888888889 2.1631993333333335
1.2845342222222222 2.1663973333333333
1.286802 2.169594
1.2890702222222221 2.1727893333333332
1.2913388888888888 2.1759833333333334
1.2936080000000003 2.1791760000000004
1.2958775555555555 2.182367333333333
1.2981475555555555 2.185557333333333
1.300418 2.188746
1.3026888888888888 2.191933333333333
1.3049602222222223 2.1951193333333334
1.307232 2.198304
1.3095042222222224 2.2014873333333336
1.311776888888889 2.2046693333333334
1.31405 2.20785
1.3163235555555555 2.2110293333333333
1.3185975555555556 2.2142073333333334
1.320872 2.217384
1.3231468888888889 2.220559333333333
1.325422222222222 2.223733333333333
1.3276979999999998 2.226906
1.3299742222222224 2.2300773333333335
1.3322508888888889 2.2332473333333334
1.3345280000000002 2.236416
1.3368055555555556 2.2395833333333335
1.3390835555555556 2.2427493333333333
1.3413620000000002 2.245914
1.3436408888888889 2.2490773333333336
1.3459202222222222 2.2522393333333333
1.3482 2.2554
1.350480222222222 2.2585593333333334
1.352760888888889 2.2617173333333334
1.3550419999999999 2.264874
1.3573235555555554 2.2680293333333332
1.3596055555555557 2.271183333333334
1.361888 2.274336
1.364170888888889 2.2774873333333336
1.3664542222222222 2.2806373333333334
1.368738 2.283786
1.3710222222222221 2.2869333333333333
1.3733068888888889 2.2900793333333334
1.3755920000000001 2.2932240000000004
1.3778775555555556 2.2963673333333334
1.3801635555555556 2.2995093333333334
1.38245 2.30265
1.3847368888888887 2.3057893333333332
1.3870242222222222 2.308927333333333
1.389312 2.3120640000000003
1.3916002222222221 2.315199333333333
1.393888888888889 2.3183333333333334
1.396178 2.321466
1.3984675555555552 2.3245973333333327
1.4007575555555558 2.3277273333333337
1.403048 2.330856
1.405338888888889 2.3339833333333337
1.4076302222222221 2.3371093333333333
1.4099220000000001 2.340234
1.412214222222222 2.343357333333333
1.414506888888889 2.346479333333334
1.4167999999999998 2.3495999999999997
1.4190935555555557 2.352719333333334
1.4213875555555557 2.3558373333333336
1.4236820000000001 2.358954
1.4259768888888888 2.3620693333333334
1.4282722222222222 2.3651833333333334
1.430568 2.3682960000000004
1.4328642222222223 2.3714073333333334
1.435160888888889 2.3745173333333334
1.437458 2.377626
1.4397555555555555 2.380733333333333
1.4420535555555556 2.3838393333333334
1.444352 2.386944
1.446650888888889 2.3900473333333334
1.4489502222222221 2.393149333333333
1.4512500000000002 2.39625
1.453550222222222 2.3993493333333333
1.4558508888888888 2.4024473333333334
1.4581520000000001 2.405544
1.4604535555555556 2.4086393333333334
1.4627555555555554 2.411733333333333
1.465058 2.414826
1.4673608888888887 2.417917333333333
1.4696642222222223 2.4210073333333333
1.471968 2.424096
1.4742722222222224 2.4271833333333337
1.4765768888888888 2.4302693333333334
1.478882 2.4333540000000005
1.4811875555555556 2.436437333333333
1.4834935555555555 2.439519333333333
1.4858 2.4426
1.4881068888888889 2.4456793333333335
1.4904142222222219 2.448757333333333
1.492722 2.451834
1.4950302222222223 2.454909333333333
1.4973388888888886 2.457983333333333
1.4996480000000003 2.4610560000000006
1.5019575555555553 2.464127333333333
1.5042675555555556 2.4671973333333335
1.5065780000000002 2.4702660000000005
1.508888888888889 2.473333333333333
1.511200222222222 2.476399333333333
1.513512 2.479464
1.5158242222222222 2.4825273333333335
1.5181368888888889 2.4855893333333334
1.5204499999999999 2.48865
1.5227635555555554 2.491709333333333
1.5250775555555556 2.4947673333333333
1.5273919999999999 2.4978239999999996
1.5297068888888892 2.5008793333333337
1.5320222222222224 2.5039333333333333
1.534338 2.506986
1.5366542222222221 2.5100373333333335
1.5389708888888889 2.513087333333333
1.541288 2.516136
1.5436055555555557 2.5191833333333333
1.5459235555555555 2.522229333333333
1.548242 2.5252739999999996
1.5505608888888889 2.5283173333333333
1.552880222222222 2.531359333333333
1.5552000000000001 2.5344
1.5575202222222224 2.5374393333333334
1.5598408888888888 2.5404773333333335
1.562162 2.543514
1.5644835555555556 2.5465493333333336
1.5668055555555556 2.5495833333333335
1.569128 2.552616
1.571450888888889 2.5556473333333334
1.5737742222222222 2.5586773333333332
1.5760979999999998 2.5617059999999996
1.5784222222222222 2.564733333333333
1.580746888888889 2.567759333333333
1.5830719999999998 2.5707839999999997
1.5853975555555557 2.573807333333334
1.5877235555555558 2.5768293333333334
1.59005 2.57985
1.592376888888889 2.5828693333333335
1.594704222222222 2.585887333333333
1.597032 2.588904
1.599360222222222 2.5919193333333332
1.601688888888889 2.5949333333333335
1.604018 2.597946
1.6063475555555555 2.6009573333333336
1.6086775555555555 2.6039673333333333
1.6110080000000002 2.6069760000000004
1.6133388888888889 2.609983333333333
1.6156702222222223 2.6129893333333336
1.6180020000000002 2.615994
1.6203342222222221 2.6189973333333336
1.6226668888888889 2.6219993333333336
1.625 2.625
1.627333555555556 2.627999333333334
1.6296675555555555 2.630997333333333
1.632002 2.633994
1.634336888888889 2.636989333333333
1.6366722222222223 2.6399833333333333
1.639008 2.642976
1.6413442222222225 2.645967333333334
1.6436808888888885 2.6489573333333327
1.6460180000000002 2.651946
1.6483555555555558 2.6549333333333336
1.6506935555555553 2.657919333333333
1.653032 2.660904
1.6553708888888892 2.6638873333333337
1.6577102222222222 2.666869333333333
1.66005 2.6698500000000003
1.6623902222222224 2.6728293333333335
1.6647308888888888 2.675807333333333
1.667072 2.6787840000000003
1.6694135555555558 2.6817593333333334
1.6717555555555559 2.684733333333334
1.674098 2.6877060000000004
1.676440888888889 2.6906773333333334
1.6787842222222222 2.6936473333333333
1.6811280000000002 2.696616
1.6834722222222225 2.6995833333333334
1.685816888888889 2.7025493333333337
1.688162 2.705514
1.6905075555555555 2.7084773333333327
1.6928535555555553 2.711439333333333
1.6951999999999998 2.7144
1.6975468888888892 2.717359333333334
1.699894222222222 2.720317333333333
1.702242 2.7232740000000004
1.704590222222222 2.7262293333333334
1.7069388888888888 2.7291833333333333
1.7092880000000001 2.732136
1.7116375555555554 2.7350873333333334
1.7139875555555557 2.7380373333333337
1.7163380000000001 2.7409860000000004
1.7186888888888887 2.743933333333333
1.7210402222222219 2.746879333333333
1.7233920000000003 2.7498240000000003
1.7257442222222217 2.752767333333333
1.728096888888889 2.755709333333334
1.7304500000000003 2.7586500000000003
1.7328035555555554 2.7615893333333332
1.7351575555555554 2.764527333333333
1.7375120000000002 2.7674640000000004
1.7398668888888889 2.770399333333333
1.7422222222222223 2.7733333333333334
1.7445780000000002 2.776266
1.746934222222222 2.7791973333333333
1.749290888888889 2.7821273333333334
1.7516479999999999 2.785056
1.7540055555555556 2.7879833333333335
1.7563635555555557 2.7909093333333335
1.7587220000000001 2.7938340000000004
1.761080888888889 2.7967573333333333
1.763440222222222 2.799679333333333
1.7658 2.8026
1.7681602222222221 2.8055193333333333
1.770520888888889 2.8084373333333335
1.772882 2.811354
1.7752435555555555 2.814269333333333
1.7776055555555552 2.8171833333333325
1.7799680000000002 2.8200960000000004
1.7823308888888887 2.823007333333333
1.7846942222222224 2.825917333333334
1.7870580000000003 2.8288260000000003
1.789422222222222 2.831733333333333
1.7917868888888888 2.834639333333333
1.7941520000000004 2.8375440000000003
1.7965175555555555 2.840447333333333
1.7988835555555556 2.8433493333333333
1.80125 2.8462500000000004
1.8036168888888886 2.849149333333333
1.8059842222222224 2.8520473333333336
1.8083520000000002 2.854944
1.8107202222222223 2.8578393333333336
1.8130888888888888 2.860733333333333
1.8154580000000002 2.8636260000000004
1.8178275555555556 2.8665173333333334
1.8201975555555556 2.869407333333333
1.8225680000000002 2.8722960000000004
1.8249388888888887 2.875183333333333
1.8273102222222224 2.8780693333333334
1.8296820000000003 2.8809540000000005
1.832054222222222 2.883837333333333
1.8344268888888886 2.8867193333333327
1.8368000000000002 2.8896000000000006
1.8391735555555555 2.892479333333333
1.8415475555555558 2.895357333333334
1.843922 2.8982340000000004
1.8462968888888889 2.9011093333333333
1.848672222222222 2.903983333333333
1.8510479999999998 2.906856
1.8534242222222224 2.9097273333333336
1.855800888888889 2.9125973333333337
1.8581779999999997 2.915466
1.8605555555555555 2.918333333333333
1.8629335555555557 2.9211993333333335
1.8653119999999999 2.9240639999999996
1.867690888888889 2.9269273333333334
1.8700702222222223 2.9297893333333334
1.8724500000000002 2.9326500000000006
1.8748302222222222 2.935509333333333
1.877210888888889 2.9383673333333333
1.8795919999999997 2.9412239999999996
1.8819735555555555 2.9440793333333333
1.8843555555555556 2.9469333333333334
1.8867379999999998 2.949786
1.8891208888888888 2.9526373333333336
1.8915042222222223 2.955487333333333
1.8938879999999998 2.9583359999999996
1.8962722222222221 2.961183333333333
1.8986568888888893 2.964029333333334
1.901042 2.966874
1.9034275555555555 2.9697173333333335
1.9058135555555555 2.9725593333333333
1.9082 2.9753999999999996
1.9105868888888888 2.9782393333333332
1.9129742222222226 2.981077333333334
1.915362 2.983914
1.9177502222222222 2.986749333333333
1.9201388888888893 2.989583333333334
1.9225279999999998 2.9924159999999995
1.9249175555555555 2.9952473333333334
1.9273075555555557 2.9980773333333333
1.9296980000000001 3.0009060000000005
1.932088888888889 3.0037333333333334
1.9344802222222224 3.0065593333333336
1.9368719999999997 3.009384
1.9392642222222225 3.0122073333333335
1.9416568888888892 3.0150293333333336
1.94405 3.01785
1.9464435555555553 3.020669333333333
1.9488375555555555 3.023487333333333
1.951232 3.026304
1.9536268888888888 3.029119333333333
1.9560222222222226 3.031933333333334
1.958418 3.0347459999999997
1.9608142222222225 3.0375573333333334
1.963210888888889 3.0403673333333336
1.9656079999999998 3.043176
1.9680055555555556 3.0459833333333335
1.970403555555556 3.0487893333333336
1.9728020000000002 3.051594
1.975200888888889 3.054397333333333
1.9776002222222222 3.057199333333333
1.9799999999999998 3.0599999999999996
1.9824002222222223 3.0627993333333334
1.984800888888889 3.0655973333333337
1.9872020000000001 3.0683940000000005
1.9896035555555558 3.0711893333333338
1.9920055555555556 3.0739833333333335
1.994408 3.0767759999999997
1.996810888888889 3.0795673333333333
1.9992142222222222 3.0823573333333334
2.001618 3.085146
2.0040222222222224 3.0879333333333334
2.006426888888889 3.0907193333333334
2.008832 3.093504
2.0112375555555557 3.0962873333333336
2.0136435555555554 3.0990693333333335
2.01605 3.1018499999999998
2.018456888888889 3.1046293333333335
2.020864222222222 3.107407333333333
2.023272 3.110184
2.0256802222222223 3.1129593333333334
2.028088888888889 3.1157333333333335
2.030498 3.118506
2.0329075555555556 3.1212773333333335
2.0353175555555554 3.1240473333333334
2.0377279999999995 3.1268159999999994
2.0401388888888894 3.1295833333333336
2.042550222222222 3.132349333333333
2.0449620000000004 3.1351140000000006
2.0473742222222224 3.137877333333334
2.049786888888889 3.1406393333333336
2.0522 3.1433999999999997
2.0546135555555556 3.1461593333333333
2.0570275555555555 3.1489173333333333
2.059442 3.1516740000000003
2.061856888888889 3.154429333333333
2.064272222222222 3.157183333333333
2.066688 3.159936
2.0691042222222222 3.1626873333333334
2.0715208888888887 3.165437333333333
2.073938 3.1681860000000004
2.0763555555555557 3.1709333333333336
2.0787735555555553 3.1736793333333333
2.0811919999999997 3.1764239999999995
2.083610888888889 3.1791673333333335
2.086030222222222 3.1819093333333335
2.08845 3.1846500000000004
2.090870222222222 3.1873893333333334
2.093290888888889 3.190127333333333
2.095712 3.1928639999999997
2.098133555555556 3.195599333333334
2.1005555555555553 3.198333333333333
2.1029780000000002 3.201066000000001
2.105400888888889 3.2037973333333336
2.1078242222222223 3.2065273333333333
2.110248 3.209256
2.1126722222222227 3.211983333333334
2.115096888888889 3.2147093333333334
2.117522 3.2174340000000003
2.1199475555555556 3.2201573333333338
2.1223735555555554 3.222879333333333
2.1248 3.2256
2.127226888888889 3.2283193333333333
2.1296542222222223 3.2310373333333335
2.132082 3.2337540000000002
2.1345102222222225 3.236469333333334
2.136938888888889 3.239183333333333
2.139368 3.241896
2.1417975555555557 3.2446073333333336
2.144227555555555 3.247317333333333
2.1466580000000004 3.250026
2.1490888888888886 3.252733333333333
2.151520222222222 3.255439333333333
2.153952 3.2581439999999997
2.156384222222222 3.260847333333333
2.1588168888888886 3.263549333333333
2.1612500000000003 3.2662500000000008
2.163683555555555 3.268949333333333
2.1661175555555556 3.2716473333333336
2.168552 3.274344
2.170986888888889 3.277039333333333
2.1734222222222224 3.2797333333333336
2.1758580000000003 3.282426
2.178294222222222 3.2851173333333334
2.1807308888888888 3.2878073333333333
2.183168 3.290496
2.185605555555555 3.2931833333333325
2.1880435555555557 3.295869333333334
2.1904820000000003 3.298554
2.192920888888889 3.301237333333334
2.1953602222222224 3.3039193333333334
2.1978 3.3066
2.200240222222222 3.309279333333333
2.202680888888889 3.3119573333333334
2.2051220000000002 3.3146340000000003
2.2075635555555557 3.3173093333333337
2.2100055555555556 3.319983333333333
2.212448 3.322656
2.2148908888888887 3.325327333333333
2.217334222222222 3.3279973333333333
2.2197780000000007 3.330666000000001
2.2222222222222223 3.333333333333333
2.2246668888888887 3.3359993333333335
2.227112 3.3386639999999996
2.229557555555555 3.3413273333333326
2.2320035555555555 3.343989333333333
2.2344500000000003 3.3466500000000003
2.236896888888889 3.3493093333333332
2.239344222222222 3.3519673333333335
2.2417920000000002 3.3546240000000003
2.244240222222222 3.357279333333333
2.246688888888889 3.359933333333333
2.2491380000000003 3.3625860000000003
2.2515875555555556 3.3652373333333334
2.2540375555555556 3.3678873333333335
2.256488 3.370536
2.2589388888888884 3.373183333333333
2.2613902222222224 3.3758293333333333
2.2638420000000004 3.3784740000000006
2.266294222222222 3.3811173333333335
2.268746888888889 3.3837593333333333
2.2712000000000003 3.3864
2.2736535555555553 3.389039333333333
2.276107555555556 3.3916773333333334
2.2785620000000004 3.3943140000000005
2.281016888888889 3.3969493333333336
2.283472222222222 3.399583333333333
2.285928 3.4022159999999997
2.288384222222222 3.404847333333333
2.290840888888889 3.4074773333333335
2.2932980000000005 3.4101060000000007
2.2957555555555555 3.4127333333333336
2.298213555555556 3.4153593333333334
2.3006719999999996 3.4179839999999997
2.3031308888888886 3.420607333333333
2.3055902222222224 3.4232293333333335
2.3080499999999997 3.4258499999999996
2.3105102222222222 3.4284693333333336
2.312970888888889 3.431087333333334
2.315432 3.433704
2.3178935555555555 3.436319333333333
2.3203555555555555 3.4389333333333334
2.322818 3.4415459999999998
2.325280888888889 3.4441573333333335
2.327744222222222 3.4467673333333333
2.330208 3.449376
2.332672222222222 3.4519833333333327
2.335136888888889 3.4545893333333337
2.337602 3.457194
2.3400675555555557 3.4597973333333334
2.3425335555555558 3.462399333333334
2.3449999999999998 3.465
2.3474668888888885 3.467599333333333
2.349934222222222 3.470197333333333
2.352402 3.472794
2.354870222222222 3.475389333333333
2.357338888888889 3.4779833333333334
2.3598079999999997 3.4805759999999992
2.3622775555555555 3.4831673333333333
2.3647475555555557 3.4857573333333334
2.367218 3.488346
2.369688888888889 3.490933333333334
2.3721602222222224 3.493519333333334
2.374632 3.496104
2.377104222222222 3.498687333333333
2.379576888888889 3.5012693333333336
2.38205 3.50385
2.384523555555556 3.5064293333333336
2.3869975555555554 3.5090073333333334
2.3894719999999996 3.511584
2.3919468888888886 3.514159333333333
2.3944222222222225 3.5167333333333337
2.3968979999999998 3.519306
2.3993742222222223 3.5218773333333333
2.401850888888889 3.5244473333333337
2.404328 3.527016
2.4068055555555556 3.529583333333333
2.4092835555555556 3.532149333333334
2.411762 3.534714
2.414240888888889 3.537277333333334
2.416720222222222 3.539839333333333
2.4192 3.5423999999999998
2.4216802222222222 3.544959333333333
2.4241608888888893 3.5475173333333334
2.426642 3.550074
2.429123555555556 3.552629333333334
2.4316055555555556 3.555183333333334
2.434088 3.5577360000000002
2.436570888888889 3.560287333333333
2.4390542222222225 3.5628373333333334
2.441538 3.565386
2.4440222222222223 3.5679333333333334
2.446506888888889 3.5704793333333336
2.4489919999999996 3.5730239999999998
2.4514775555555555 3.575567333333333
2.4539635555555552 3.578109333333333
2.45645 3.58065
2.458936888888889 3.5831893333333333
2.461424222222222 3.5857273333333333
2.463912 3.5882640000000006
2.466400222222222 3.5907993333333335
2.4688888888888885 3.593333333333333
2.471378 3.595866
2.4738675555555556 3.5983973333333337
2.4763575555555555 3.6009273333333334
2.4788479999999997 3.6034559999999995
2.4813388888888888 3.605983333333333
2.483830222222222 3.608509333333333
2.486322 3.611034
2.4888142222222225 3.6135573333333335
2.491306888888889 3.6160793333333334
2.4938000000000002 3.6186
2.4962935555555554 3.621119333333333
2.4987875555555554 3.623637333333333
2.501282 3.6261539999999997
2.503776888888889 3.6286693333333337
2.506272222222222 3.6311833333333334
2.508768 3.6336959999999996
2.511264222222222 3.636207333333333
2.5137608888888883 3.6387173333333327
2.516258 3.641226
2.518755555555556 3.6437333333333335
2.5212535555555555 3.6462393333333334
2.523752 3.6487439999999998
2.526250888888889 3.6512473333333335
2.5287502222222216 3.653749333333333
2.53125 3.65625
2.5337502222222223 3.6587493333333336
2.536250888888889 3.6612473333333337
2.5387519999999997 3.663744
2.5412535555555555 3.6662393333333334
2.5437555555555553 3.668733333333333
2.546258 3.6712260000000003
2.5487608888888893 3.6737173333333337
2.551264222222222 3.676207333333333
2.5537680000000003 3.6786960000000004
2.5562722222222223 3.6811833333333333
2.5587768888888887 3.683669333333333
2.561282 3.6861539999999997
2.563787555555556 3.6886373333333338
2.5662935555555553 3.6911193333333334
2.5688 3.6936
2.571306888888889 3.6960793333333335
2.573814222222222 3.698557333333333
2.5763220000000002 3.701034
2.578830222222223 3.7035093333333338
2.581338888888889 3.705983333333333
2.583848 3.7084560000000004
2.586357555555556 3.7109273333333332
2.5888675555555554 3.713397333333333
2.591378 3.715866
2.5938888888888894 3.7183333333333337
2.5964002222222224 3.720799333333334
2.598912 3.7232639999999995
2.6014242222222226 3.7257273333333334
2.6039368888888887 3.728189333333333
2.6064499999999997 3.73065
2.608963555555556 3.733109333333334
2.6114775555555556 3.7355673333333335
2.6139920000000005 3.7380240000000002
2.616506888888889 3.740479333333333
2.619022222222222 3.742933333333333
2.621538 3.745386
2.624054222222222 3.747837333333333
2.626570888888889 3.7502873333333335
2.6290880000000003 3.752736
2.6316055555555553 3.755183333333333
2.634123555555555 3.757629333333333
2.636642 3.7600740000000004
2.6391608888888887 3.7625173333333333
2.6416802222222224 3.7649593333333335
2.6442 3.7674000000000003
2.646720222222222 3.7698393333333335
2.6492408888888885 3.7722773333333333
2.651762 3.7747140000000003
2.6542835555555557 3.7771493333333335
2.6568055555555556 3.7795833333333335
2.6593280000000004 3.782016
2.6618508888888885 3.7844473333333326
2.664374222222222 3.786877333333333
2.6668979999999998 3.789306
2.669422222222222 3.791733333333333
2.671946888888889 3.794159333333334
2.674472 3.796584
2.6769975555555554 3.799007333333333
2.6795235555555554 3.801429333333333
2.6820500000000003 3.80385
2.6845768888888886 3.8062693333333333
2.6871042222222226 3.8086873333333333
2.689632 3.811104
2.692160222222222 3.813519333333333
2.694688888888889 3.815933333333333
2.6972180000000003 3.8183460000000005
2.6997475555555552 3.820757333333333
2.702277555555556 3.8231673333333336
2.7048080000000003 3.8255760000000008
2.7073388888888887 3.827983333333333
2.7098702222222224 3.830389333333333
2.712402 3.8327940000000003
2.714934222222222 3.835197333333333
2.717466888888889 3.8375993333333334
2.72 3.84
2.722533555555555 3.842399333333333
2.7250675555555555 3.844797333333333
2.727602 3.8471940000000004
2.7301368888888886 3.8495893333333333
2.7326722222222224 3.8519833333333335
2.735208 3.8543760000000002
2.737744222222222 3.856767333333334
2.740280888888889 3.859157333333333
2.742818 3.861546
2.7453555555555553 3.863933333333333
2.7478935555555557 3.8663193333333337
2.750432 3.868704
2.7529708888888886 3.8710873333333327
2.755510222222222 3.8734693333333334
2.7580500000000003 3.8758500000000002
2.7605902222222225 3.8782293333333335
2.763130888888889 3.8806073333333337
2.7656720000000004 3.8829840000000004
2.7682135555555556 3.8853593333333336
2.7707555555555556 3.8877333333333333
2.7732979999999996 3.890106
2.775840888888889 3.8924773333333333
2.7783842222222224 3.8948473333333338
2.780928 3.8972160000000002
2.783472222222222 3.899583333333333
2.7860168888888888 3.9019493333333335
2.7885619999999998 3.9043139999999994
2.7911075555555556 3.9066773333333336
2.793653555555556 3.909039333333334
2.7962 3.9114
2.798746888888889 3.913759333333333
2.8012942222222224 3.9161173333333332
2.8038419999999995 3.918474
2.8063902222222223 3.9208293333333333
2.808938888888889 3.9231833333333337
2.8114879999999998 3.925536
2.8140375555555552 3.9278873333333335
2.8165875555555555 3.9302373333333334
2.8191379999999997 3.9325859999999997
2.8216888888888887 3.9349333333333334
2.8242402222222225 3.9372793333333336
2.826792 3.9396240000000002
2.8293442222222223 3.9419673333333334
2.831896888888889 3.944309333333333
2.8344499999999995 3.9466499999999995
2.8370035555555555 3.9489893333333335
2.8395575555555554 3.9513273333333334
2.842112 3.953664
2.844666888888889 3.955999333333333
2.8472222222222223 3.958333333333333
2.8497779999999997 3.960666
2.852334222222222 3.962997333333333
2.854890888888889 3.9653273333333336
2.8574479999999998 3.967656
2.8600055555555555 3.9699833333333334
2.8625635555555555 3.9723093333333335
2.8651219999999995 3.9746339999999996
2.8676808888888887 3.9769573333333335
2.8702402222222227 3.979279333333334
2.8728 3.9816000000000003
2.8753602222222225 3.9839193333333336
2.877920888888889 3.9862373333333334
2.8804819999999998 3.9885539999999997
2.8830435555555556 3.9908693333333334
2.885605555555556 3.993183333333334
2.8881680000000003 3.995496
2.890730888888889 3.9978073333333333
2.893294222222222 4.000117333333334
2.8958579999999996 4.002426
2.8984222222222225 4.004733333333334
2.9009868888888892 4.007039333333334
2.9035520000000004 4.0093440000000005
2.9061175555555554 4.011647333333333
2.9086835555555552 4.013949333333333
2.91125 4.016249999999999
2.913816888888889 4.0185493333333335
2.9163842222222227 4.020847333333334
2.918952 4.023144
2.9215202222222225 4.025439333333334
2.924088888888889 4.027733333333333
2.9266579999999998 4.030025999999999
2.9292275555555554 4.032317333333333
2.9317975555555553 4.034607333333334
2.934368 4.0368960000000005
2.936938888888889 4.039183333333334
2.9395102222222222 4.041469333333334
2.9420819999999996 4.043754
2.9446542222222223 4.0460373333333335
2.9472268888888884 4.048319333333334
2.9497999999999998 4.0506
2.952373555555556 4.052879333333333
2.9549475555555555 4.055157333333334
2.957522 4.057434
2.9600968888888888 4.059709333333333
2.9626722222222224 4.061983333333334
2.965248 4.064256
2.967824222222222 4.066527333333333
2.9704008888888884 4.068797333333333
2.9729779999999995 4.071065999999999
2.9755555555555557 4.073333333333333
2.978133555555555 4.075599333333333
2.980712 4.077864
2.983290888888889 4.080127333333333
2.985870222222222 4.082389333333333
2.98845 4.08465
2.9910302222222223 4.086909333333334
2.9936108888888886 4.089167333333333
2.9961919999999997 4.091424
2.9987735555555557 4.093679333333333
3.0013555555555556 4.095933333333333
3.0039379999999998 4.098186
3.006520888888889 4.100437333333334
3.0091042222222217 4.102687333333333
3.0116880000000004 4.104936
3.0142722222222225 4.107183333333333
3.016856888888889 4.109429333333334
3.0194419999999997 4.111674
3.022027555555556 4.113917333333333
3.0246135555555558 4.116159333333334
3.0272 4.1184
3.029786888888889 4.120639333333333
3.032374222222222 4.122877333333333
3.034962 4.125114
3.0375502222222224 4.127349333333333
3.0401388888888885 4.129583333333333
3.0427280000000003 4.131816000000001
3.045317555555556 4.134047333333333
3.0479075555555557 4.136277333333333
3.050498 4.138506
3.0530888888888894 4.140733333333333
3.055680222222222 4.142959333333334
3.058272 4.145184
3.0608642222222224 4.147407333333334
3.0634568888888887 4.149629333333333
3.0660499999999997 4.15185
3.068643555555556 4.154069333333334
3.0712375555555553 4.156287333333333
3.0738320000000003 4.158504000000001
3.0764268888888893 4.160719333333334
3.079022222222222 4.162933333333333
3.0816179999999997 4.165146
3.084214222222222 4.167357333333333
3.0868108888888885 4.169567333333333
3.0894080000000006 4.171776
3.0920055555555557 4.173983333333333
3.0946035555555556 4.176189333333333
3.097202 4.178393999999999
3.0998008888888884 4.180597333333333
3.1024002222222222 4.1827993333333335
3.1050000000000004 4.1850000000000005
3.1076002222222225 4.187199333333334
3.110200888888889 4.189397333333334
3.112802 4.191594
3.115403555555555 4.193789333333333
3.1180055555555555 4.195983333333333
3.1206080000000003 4.198176
3.123210888888889 4.200367333333333
3.125814222222222 4.202557333333333
3.128418 4.204746
3.1310222222222217 4.206933333333333
3.1336268888888887 4.209119333333334
3.1362320000000006 4.211304
3.1388375555555554 4.213487333333333
3.141443555555556 4.2156693333333335
3.14405 4.21785
3.146656888888889 4.220029333333333
3.1492642222222225 4.222207333333333
3.151872 4.224384000000001
3.1544802222222224 4.226559333333334
3.1570888888888886 4.2287333333333335
3.1596979999999997 4.230905999999999
3.1623075555555555 4.233077333333333
3.1649175555555553 4.235247333333334
3.167528 4.237416
3.170138888888889 4.239583333333334
3.1727502222222226 4.241749333333333
3.175362 4.243914
3.177974222222222 4.246077333333333
3.1805868888888886 4.248239333333333
3.1832000000000003 4.250400000000001
3.185813555555556 4.252559333333334
3.1884275555555552 4.254717333333334
3.191042 4.256874
3.1936568888888885 4.2590293333333324
3.1962722222222224 4.261183333333333
3.198888 4.263336000000001
3.201504222222222 4.265487333333333
3.2041208888888892 4.267637333333333
3.206738 4.269786
3.2093555555555553 4.271933333333333
3.2119735555555557 4.274079333333333
3.2145920000000006 4.276224000000001
3.217210888888889 4.278367333333334
3.219830222222222 4.280509333333333
3.2224500000000003 4.28265
3.2250702222222216 4.2847893333333325
3.2276908888888887 4.286927333333333
3.2303120000000005 4.289064000000001
3.2329335555555554 4.291199333333333
3.235555555555556 4.293333333333333
3.2381780000000004 4.295466
3.240800888888889 4.297597333333333
3.243424222222222 4.299727333333333
3.246048 4.301856000000001
3.248672222222222 4.303983333333333
3.2512968888888887 4.306109333333334
3.2539219999999993 4.308234
3.256547555555555 4.310357333333332
3.259173555555556 4.312479333333333
3.2618 4.3145999999999995
3.264426888888889 4.316719333333333
3.2670542222222223 4.318837333333334
3.269682 4.320954
3.272310222222222 4.323069333333333
3.274938888888889 4.325183333333333
3.2775679999999996 4.327296
3.2801975555555556 4.329407333333334
3.2828275555555555 4.331517333333333
3.2854579999999998 4.333626
3.288088888888889 4.335733333333333
3.2907202222222223 4.337839333333333
3.2933519999999996 4.339944
3.2959842222222226 4.342047333333333
3.298616888888889 4.344149333333334
3.30125 4.34625
3.3038835555555552 4.348349333333333
3.3065175555555557 4.350447333333333
3.309152 4.352544
3.3117868888888893 4.354639333333333
3.3144222222222224 4.356733333333333
3.317058 4.358826
3.319694222222222 4.360917333333333
3.3223308888888887 4.363007333333334
3.324968 4.365095999999999
3.3276055555555555 4.367183333333333
3.3302435555555556 4.3692693333333334
3.3328819999999997 4.371354
3.3355208888888885 4.3734373333333325
3.338160222222222 4.375519333333333
3.3407999999999998 4.3776
3.3434402222222226 4.379679333333334
3.346080888888889 4.381757333333333
3.3487219999999995 4.383834
3.3513635555555554 4.385909333333333
3.354005555555556 4.387983333333334
3.356648 4.3900559999999995
3.3592908888888893 4.392127333333334
3.3619342222222226 4.3941973333333335
3.364578 4.396266000000001
3.367222222222222 4.3983333333333325
3.369866888888889 4.4003993333333336
3.372512 4.402464
3.375157555555556 4.404527333333334
3.3778035555555554 4.406589333333334
3.3804499999999997 4.40865
3.383096888888889 4.410709333333333
3.3857442222222227 4.412767333333333
3.3883919999999996 4.414823999999999
3.3910402222222222 4.416879333333334
3.393688888888889 4.418933333333333
3.396338 4.420986
3.3989875555555553 4.423037333333333
3.401637555555556 4.425087333333334
3.404288 4.427136
3.406938888888889 4.429183333333334
3.4095902222222225 4.4312293333333335
3.412242 4.433274
3.4148942222222223 4.435317333333333
3.4175468888888885 4.437359333333333
3.4202 4.4394
3.422853555555556 4.441439333333334
3.425507555555556 4.443477333333334
3.428162 4.445514
3.430816888888889 4.447549333333333
3.433472222222222 4.449583333333333
3.436128 4.451616
3.4387842222222225 4.4536473333333335
3.4414408888888888 4.455677333333334
3.444098 4.457706
3.446755555555556 4.459733333333333
3.449413555555555 4.461759333333333
3.4520720000000003 4.463784
3.4547308888888892 4.465807333333334
3.457390222222222 4.467829333333333
3.46005 4.46985
3.4627102222222224 4.471869333333333
3.465370888888889 4.473887333333333
3.468032 4.475904
3.470693555555556 4.477919333333334
3.4733555555555555 4.479933333333333
3.476018 4.481946
3.478680888888889 4.483957333333333
3.481344222222222 4.485967333333333
3.484008 4.487976
3.4866722222222224 4.489983333333334
3.4893368888888885 4.491989333333333
3.4920020000000003 4.493994
3.4946675555555555 4.495997333333333
3.4973335555555556 4.497999333333333
3.5 4.5
3.5026668888888883 4.501999333333333
3.5053342222222224 4.503997333333333
3.5080019999999994 4.505993999999999
3.5106702222222217 4.507989333333333
3.5133388888888892 4.5099833333333335
3.5160080000000002 4.511976
3.5186775555555556 4.513967333333333
3.521347555555556 4.515957333333334
3.524018 4.517946
3.5266888888888888 4.519933333333333
3.5293602222222225 4.521919333333334
3.532032 4.523904
3.5347042222222216 4.525887333333333
3.5373768888888892 4.527869333333333
3.54005 4.52985
3.542723555555555 4.531829333333333
3.5453975555555557 4.533807333333334
3.548072 4.535784
3.550746888888889 4.537759333333334
3.5534222222222227 4.539733333333334
3.5560980000000004 4.5417060000000005
3.558774222222222 4.543677333333333
3.5614508888888894 4.545647333333333
3.564128 4.547616
3.5668055555555553 4.549583333333333
3.569483555555556 4.551549333333334
3.5721619999999996 4.553514
3.5748408888888887 4.555477333333333
3.5775202222222227 4.557439333333333
3.5802 4.5594
3.5828802222222222 4.561359333333333
3.5855608888888892 4.563317333333334
3.588242 4.5652740000000005
3.5909235555555554 4.567229333333334
3.593605555555556 4.569183333333333
3.596288 4.571136
3.598970888888889 4.5730873333333335
3.6016542222222228 4.575037333333333
3.604338 4.576986
3.6070222222222217 4.5789333333333335
3.609706888888889 4.580879333333334
3.612392 4.582824
3.615077555555555 4.584767333333334
3.6177635555555563 4.586709333333333
3.62045 4.5886499999999995
3.6231368888888893 4.590589333333334
3.6258242222222226 4.592527333333334
3.6285119999999997 4.594464
3.631200222222222 4.596399333333333
3.6338888888888894 4.598333333333334
3.636578 4.6002659999999995
3.639267555555555 4.602197333333333
3.641957555555556 4.604127333333334
3.644648 4.606056000000001
3.6473388888888887 4.607983333333333
3.650030222222223 4.609909333333334
3.6527220000000002 4.611834
3.655414222222222 4.613757333333333
3.6581068888888897 4.615679333333334
3.6608 4.6176
3.6634935555555557 4.619519333333334
3.666187555555556 4.621437333333334
3.668882 4.623354
3.6715768888888887 4.625269333333333
3.674272222222222 4.627183333333333
3.676968 4.6290960000000005
3.6796642222222222 4.631007333333333
3.682360888888889 4.632917333333333
3.6850580000000006 4.634826
3.6877555555555555 4.636733333333334
3.690453555555555 4.638639333333333
3.6931520000000004 4.640544
3.695850888888889 4.642447333333333
3.698550222222222 4.6443493333333326
3.70125 4.64625
3.7039502222222223 4.6481493333333335
3.7066508888888885 4.650047333333333
3.709352 4.651944
3.7120535555555554 4.653839333333334
3.714755555555555 4.655733333333333
3.717458 4.6576260000000005
3.7201608888888886 4.6595173333333335
3.722864222222222 4.661407333333333
3.725568 4.663296
3.728272222222222 4.665183333333333
3.7309768888888883 4.667069333333333
3.733682 4.668953999999999
3.736387555555555 4.670837333333333
3.739093555555555 4.672719333333333
3.7418000000000005 4.6746
3.744506888888889 4.676479333333333
3.747214222222222 4.678357333333333
3.749922 4.6802340000000004
3.7526302222222228 4.682109333333334
3.755338888888889 4.683983333333334
3.7580480000000005 4.685856
3.7607575555555552 4.687727333333333
3.7634675555555557 4.689597333333333
3.766178 4.691466
3.7688888888888887 4.693333333333333
3.7716002222222222 4.695199333333333
3.774312 4.697064
3.777024222222222 4.698927333333333
3.7797368888888885 4.700789333333333
3.78245 4.70265
3.7851635555555556 4.704509333333334
3.7878775555555553 4.706367333333333
3.790592 4.708224
3.793306888888889 4.710079333333333
3.7960222222222217 4.711933333333333
3.798738 4.713786
3.801454222222222 4.7156373333333335
3.8041708888888883 4.717487333333333
3.8068880000000003 4.719336
3.8096055555555557 4.721183333333333
3.8123235555555555 4.723029333333333
3.815042 4.724874
3.817760888888889 4.726717333333333
3.8204802222222223 4.728559333333333
3.8232 4.7303999999999995
3.825920222222222 4.732239333333333
3.8286408888888883 4.734077333333333
3.8313620000000004 4.735914
3.8340835555555555 4.737749333333333
3.8368055555555554 4.739583333333333
3.8395280000000005 4.741416
3.8422508888888887 4.743247333333334
3.844974222222222 4.745077333333333
3.8476980000000003 4.746906
3.850422222222222 4.748733333333334
3.8531468888888885 4.750559333333333
3.855872 4.752384
3.858597555555556 4.7542073333333335
3.8613235555555554 4.756029333333333
3.86405 4.7578499999999995
3.866776888888889 4.759669333333333
3.8695042222222216 4.761487333333333
3.8722320000000003 4.763304
3.874960222222222 4.765119333333333
3.8776888888888887 4.766933333333333
3.8804180000000006 4.768746
3.8831475555555555 4.7705573333333335
3.885877555555555 4.772367333333333
3.8886080000000005 4.774176000000001
3.891338888888889 4.7759833333333335
3.894070222222222 4.777789333333333
3.896802 4.7795939999999995
3.899534222222222 4.781397333333333
3.9022668888888887 4.783199333333333
3.9050000000000002 4.785
3.9077335555555557 4.786799333333333
3.9104675555555555 4.788597333333334
3.9132020000000005 4.790394000000001
3.915936888888889 4.792189333333333
3.918672222222222 4.793983333333333
3.9214080000000004 4.795776
3.924144222222222 4.797567333333333
3.9268808888888884 4.799357333333333
3.9296180000000005 4.801146
3.9323555555555556 4.802933333333333
3.935093555555555 4.804719333333333
3.9378320000000007 4.806504
3.940570888888889 4.808287333333333
3.9433102222222223 4.810069333333334
3.9460500000000005 4.811850000000001
3.9487902222222226 4.813629333333333
3.9515308888888887 4.815407333333334
3.9542720000000005 4.817184000000001
3.9570135555555557 4.818959333333334
3.9597555555555557 4.820733333333333
3.962498 4.822506000000001
3.9652408888888893 4.824277333333333
3.967984222222222 4.826047333333333
3.9707280000000007 4.827816
3.973472222222222 4.829583333333333
3.9762168888888887 4.831349333333334
3.9789620000000006 4.833114
3.9817075555555554 4.834877333333333
3.9844535555555556 4.836639333333333
3.9872000000000005 4.8384
3.9899468888888894 4.840159333333334
3.992694222222222 4.841917333333333
3.9954420000000006 4.843674
3.998190222222222 4.845429333333334
4.000938888888888 4.847183333333334
4.003688 4.848936
4.006437555555555 4.850687333333333
4.009187555555555 4.8524373333333335
4.011938 4.8541859999999994
4.014688888888889 4.8559333333333345
4.0174402222222225 4.8576793333333335
4.020192 4.859424
4.022944222222222 4.861167333333333
4.025696888888889 4.8629093333333335
4.028449999999999 4.864649999999999
4.031203555555556 4.866389333333333
4.033957555555555 4.868127333333333
4.036712 4.869864
4.039466888888889 4.871599333333333
4.042222222222222 4.873333333333333
4.0449779999999995 4.875066
4.047734222222223 4.876797333333334
4.050490888888889 4.878527333333333
4.053248 4.880256
4.056005555555556 4.881983333333334
4.058763555555555 4.883709333333333
4.061522 4.885434
4.064280888888889 4.887157333333333
4.067040222222222 4.888879333333334
4.0698 4.890599999999999
4.072560222222222 4.892319333333333
4.075320888888889 4.894037333333333
4.078082 4.895754
4.080843555555556 4.8974693333333335
4.083605555555556 4.899183333333333
4.086367999999999 4.9008959999999995
4.089130888888889 4.902607333333334
4.091894222222222 4.904317333333333
4.094657999999999 4.906026
4.097422222222222 4.907733333333333
4.100186888888889 4.909439333333333
4.102951999999999 4.911144
4.105717555555556 4.912847333333334
4.108483555555555 4.914549333333333
4.11125 4.91625
4.114016888888889 4.9179493333333335
4.116784222222222 4.919647333333334
4.119552 4.921344
4.122320222222223 4.9230393333333335
4.125088888888889 4.924733333333333
4.127858 4.926425999999999
4.130627555555556 4.928117333333334
4.133397555555556 4.929807333333333
4.136168 4.931495999999999
4.138938888888889 4.933183333333334
4.141710222222223 4.934869333333333
4.144482 4.936554
4.147254222222223 4.938237333333333
4.150026888888889 4.939919333333334
4.1528 4.9416
4.155573555555556 4.943279333333334
4.158347555555556 4.944957333333334
4.161122 4.9466339999999995
4.163896888888889 4.9483093333333334
4.166672222222222 4.949983333333333
4.169447999999999 4.951656
4.172224222222223 4.953327333333334
4.1750008888888885 4.954997333333333
4.177778 4.956666
4.180555555555556 4.958333333333334
4.1833335555555555 4.959999333333333
4.186112 4.961664
4.1888908888888885 4.963327333333333
4.191670222222222 4.9649893333333335
4.19445 4.96665
4.197230222222222 4.968309333333334
4.2000108888888885 4.969967333333333
4.202792 4.971623999999999
4.2055735555555565 4.973279333333334
4.208355555555556 4.974933333333333
4.211138 4.976585999999999
4.2139208888888895 4.978237333333334
4.216704222222223 4.979887333333334
4.219488 4.981536
4.222272222222222 4.983183333333333
4.225056888888889 4.984829333333334
4.227842 4.986473999999999
4.2306275555555555 4.988117333333333
4.233413555555556 4.989759333333334
4.236199999999999 4.991399999999999
4.238986888888889 4.993039333333334
4.241774222222222 4.994677333333334
4.244562 4.996314
4.247350222222223 4.997949333333334
4.250138888888889 4.999583333333334
4.252928 5.001215999999999
4.255717555555556 5.002847333333333
4.258507555555555 5.004477333333334
4.261298 5.006106
4.264088888888889 5.0077333333333325
4.266880222222222 5.009359333333333
4.269672 5.010984
4.272464222222223 5.012607333333333
4.275256888888889 5.014229333333334
4.27805 5.01585
4.280843555555556 5.0174693333333344
4.283637555555556 5.019087333333333
4.286432 5.020704
4.289226888888889 5.022319333333334
4.292022222222222 5.023933333333334
4.294817999999999 5.025546
4.297614222222222 5.027157333333333
4.300410888888889 5.028767333333334
4.303208 5.0303759999999995
4.306005555555556 5.031983333333333
4.308803555555556 5.0335893333333335
4.311602 5.035194000000001
4.31440088888889 5.036797333333334
4.3172002222222225 5.0383993333333335
4.32 5.040000000000001
4.322800222222223 5.041599333333334
4.325600888888889 5.0431973333333335
4.3284020000000005 5.0447940000000004
4.331203555555556 5.046389333333334
4.334005555555556 5.047983333333333
4.3368079999999996 5.049576
4.339610888888889 5.051167333333334
4.342414222222223 5.052757333333334
4.345218 5.054346000000001
4.348022222222223 5.055933333333334
4.350826888888889 5.0575193333333335
4.353632 5.059104
4.356437555555555 5.060687333333334
4.359243555555556 5.062269333333334
4.36205 5.06385
4.364856888888888 5.065429333333333
4.367664222222222 5.067007333333333
4.3704719999999995 5.0685839999999995
4.373280222222222 5.070159333333333
4.376088888888889 5.071733333333333
4.3788979999999995 5.073306
4.381707555555555 5.074877333333333
4.384517555555556 5.076447333333334
4.387328 5.078016
4.390138888888888 5.079583333333334
4.392950222222223 5.081149333333334
4.3957619999999995 5.082713999999999
4.398574222222222 5.084277333333333
4.401386888888889 5.085839333333333
4.4041999999999994 5.087399999999999
4.407013555555555 5.088959333333333
4.409827555555555 5.090517333333333
4.412642 5.092074
4.4154568888888885 5.0936293333333325
4.418272222222223 5.095183333333334
4.421088 5.096736
4.423904222222221 5.098287333333333
4.426720888888889 5.099837333333333
4.429538 5.101386
4.432355555555555 5.102933333333333
4.435173555555556 5.104479333333334
4.4379919999999995 5.106024
4.440810888888889 5.107567333333333
4.443630222222223 5.1091093333333335
4.44645 5.11065
4.449270222222221 5.112189333333333
4.45209088888889 5.113727333333333
4.454912 5.115264
4.4577335555555555 5.116799333333333
4.460555555555556 5.118333333333334
4.4633780000000005 5.119866
4.466200888888888 5.121397333333333
4.469024222222222 5.122927333333333
4.471848 5.124456
4.474672222222221 5.125983333333332
4.477496888888889 5.127509333333334
4.480321999999999 5.129034
4.483147555555555 5.130557333333334
4.485973555555557 5.132079333333333
4.4888 5.1336
4.491626888888889 5.135119333333334
4.494454222222222 5.136637333333333
4.497282 5.138154
4.500110222222222 5.139669333333334
4.502938888888889 5.141183333333333
4.505768 5.142696
4.508597555555555 5.144207333333332
4.511427555555556 5.145717333333334
4.514258 5.147226
4.517088888888889 5.148733333333333
4.519920222222223 5.150239333333333
4.5227520000000005 5.151744000000001
4.525584222222222 5.153247333333333
4.528416888888889 5.154749333333333
4.53125 5.15625
4.534083555555555 5.157749333333333
4.536917555555556 5.159247333333333
4.539752 5.160743999999999
4.542586888888889 5.162239333333333
4.545422222222223 5.163733333333333
4.548258000000001 5.1652260000000005
4.551094222222222 5.166717333333333
4.553930888888889 5.168207333333333
4.556768 5.169696
4.559605555555555 5.1711833333333335
4.562443555555556 5.172669333333333
4.565282 5.174154
4.568120888888888 5.1756373333333325
4.570960222222222 5.177119333333334
4.5738 5.178599999999999
4.576640222222222 5.1800793333333335
4.57948088888889 5.181557333333334
4.582322 5.183033999999999
4.585163555555555 5.184509333333333
4.588005555555556 5.185983333333334
4.590848 5.187456
4.593690888888889 5.188927333333334
4.596534222222223 5.190397333333333
4.599378 5.191866
4.602222222222222 5.193333333333333
4.605066888888889 5.194799333333333
4.607912000000001 5.196264
4.610757555555555 5.197727333333333
4.613603555555556 5.199189333333333
4.61645 5.2006499999999996
4.619296888888889 5.2021093333333335
4.622144222222223 5.203567333333334
4.624992000000001 5.205024
4.627840222222222 5.206479333333334
4.630688888888889 5.207933333333333
4.633538 5.209386
4.636387555555555 5.210837333333334
4.639237555555556 5.212287333333333
4.642088 5.213736
4.6449388888888885 5.215183333333333
4.6477902222222225 5.216629333333334
4.6506419999999995 5.218074
4.653494222222221 5.219517333333333
4.65634688888889 5.220959333333334
4.6592 5.2224
4.662053555555556 5.223839333333333
4.664907555555557 5.2252773333333336
4.667762 5.226713999999999
4.670616888888889 5.2281493333333335
4.673472222222223 5.229583333333333
4.676328 5.231016
4.679184222222222 5.232447333333333
4.682040888888889 5.233877333333334
4.6848980000000005 5.235306
4.6877555555555555 5.2367333333333335
4.690613555555556 5.238159333333334
4.693472000000001 5.239584000000001
4.696330888888889 5.241007333333334
4.699190222222223 5.242429333333334
4.70205 5.24385
4.704910222222223 5.245269333333334
4.70777088888889 5.246687333333334
4.710632 5.248104
4.713493555555555 5.249519333333334
4.716355555555555 5.250933333333332
4.719218 5.252346
4.722080888888889 5.253757333333333
4.724944222222222 5.255167333333333
4.727808 5.256576
4.730672222222222 5.257983333333334
4.733536888888889 5.259389333333333
4.736402 5.260794000000001
4.739267555555555 5.262197333333333
4.742133555555555 5.2635993333333335
4.745 5.265
4.747866888888889 5.266399333333333
4.7507342222222215 5.267797333333332
4.753602000000001 5.269194000000001
4.756470222222222 5.270589333333334
4.759338888888888 5.271983333333333
4.762208 5.273376000000001
4.765077555555555 5.274767333333333
4.767947555555556 5.276157333333334
4.770818 5.277546
4.773688888888889 5.278933333333333
4.776560222222222 5.280319333333333
4.779432 5.2817039999999995
4.782304222222223 5.2830873333333335
4.785176888888889 5.284469333333333
4.78805 5.28585
4.790923555555556 5.287229333333333
4.793797555555555 5.288607333333333
4.796672000000001 5.2899840000000005
4.799546888888889 5.291359333333334
4.802422222222222 5.2927333333333335
4.8052980000000005 5.294106
4.808174222222222 5.295477333333333
4.8110508888888885 5.296847333333334
4.813928 5.298216
4.816805555555555 5.299583333333333
4.819683555555555 5.3009493333333335
4.8225620000000005 5.302314000000001
4.825440888888888 5.303677333333333
4.828320222222223 5.305039333333333
4.831200000000001 5.3064
4.834080222222223 5.307759333333333
4.836960888888889 5.309117333333333
4.839842000000001 5.310474
4.842723555555556 5.311829333333334
4.845605555555555 5.313183333333333
4.848488 5.3145359999999995
4.851370888888889 5.315887333333333
4.854254222222222 5.317237333333333
4.857138 5.318586
4.860022222222223 5.319933333333333
4.8629068888888884 5.321279333333333
4.865792000000001 5.322624000000001
4.868677555555556 5.323967333333334
4.871563555555555 5.325309333333333
4.87445 5.32665
4.877336888888888 5.327989333333333
4.880224222222221 5.329327333333333
4.883112000000001 5.3306640000000005
4.886000222222222 5.331999333333332
4.888888888888888 5.333333333333333
4.891778 5.334666
4.894667555555555 5.335997333333333
4.897557555555555 5.337327333333333
4.900448000000001 5.338656
4.903338888888889 5.3399833333333335
4.906230222222222 5.341309333333333
4.909122 5.342634
4.912014222222222 5.343957333333334
4.914906888888889 5.345279333333334
4.917800000000001 5.3466000000000005
4.920693555555555 5.3479193333333335
4.923587555555555 5.349237333333333
4.926482 5.350554000000001
4.929376888888889 5.351869333333333
4.932272222222222 5.353183333333334
4.935168 5.354496
4.938064222222223 5.355807333333333
4.940960888888888 5.357117333333333
4.9438580000000005 5.358426
4.946755555555556 5.359733333333333
4.949653555555555 5.361039333333333
4.952552000000001 5.362344
4.955450888888889 5.363647333333334
4.958350222222222 5.364949333333334
4.961250000000001 5.366250000000001
4.964150222222222 5.367549333333333
4.967050888888889 5.368847333333333
4.969952 5.370144
4.972853555555556 5.371439333333333
4.975755555555555 5.372733333333333
4.978658 5.374026000000001
4.981560888888889 5.375317333333333
4.984464222222222 5.376607333333333
4.987368 5.377896
4.990272222222222 5.379183333333334
4.993176888888889 5.380469333333334
4.996082 5.381754000000001
4.998987555555556 5.383037333333334
5.001893555555555 5.384319333333334
5.0048 5.3856
5.007706888888889 5.386879333333333
5.010614222222221 5.388157333333333
5.013522000000001 5.3894340000000005
5.016430222222223 5.390709333333334
5.019338888888889 5.391983333333334
5.022248000000001 5.393256000000001
5.025157555555555 5.3945273333333335
5.028067555555555 5.395797333333334
5.030978 5.397066
5.033888888888889 5.398333333333333
5.036800222222222 5.399599333333333
5.039712 5.400864
5.042624222222223 5.402127333333334
5.045536888888889 5.403389333333333
5.048450000000001 5.40465
5.051363555555556 5.405909333333334
5.054277555555555 5.407167333333334
5.057192000000001 5.408424
5.060106888888889 5.409679333333333
5.063022222222222 5.410933333333333
5.065938000000001 5.412186
5.068854222222223 5.413437333333333
5.071770888888889 5.414687333333333
5.074688 5.415936
5.0776055555555555 5.417183333333334
5.080523555555555 5.418429333333333
5.083442 5.4196740000000005
5.086360888888889 5.420917333333334
5.089280222222222 5.422159333333333
5.092199999999999 5.423399999999999
5.0951202222222225 5.424639333333333
5.098040888888889 5.425877333333333
5.100961999999999 5.4271139999999995
5.103883555555556 5.428349333333333
5.106805555555555 5.429583333333333
5.109728 5.430816
5.112650888888889 5.432047333333333
5.1155742222222225 5.433277333333333
5.118498 5.434506
5.121422222222223 5.435733333333333
5.124346888888889 5.436959333333333
5.127272 5.438184
5.130197555555556 5.4394073333333335
5.133123555555556 5.440629333333334
5.136049999999999 5.44185
5.138976888888889 5.443069333333334
5.141904222222222 5.4442873333333335
5.144832 5.445504
5.147760222222223 5.446719333333333
5.150688888888888 5.447933333333333
5.153618 5.449146
5.156547555555556 5.450357333333333
5.159477555555555 5.451567333333333
5.162407999999999 5.452776
5.165338888888889 5.453983333333333
5.168270222222222 5.455189333333333
5.171201999999999 5.4563939999999995
5.174134222222222 5.457597333333334
5.177066888888889 5.458799333333333
5.18 5.459999999999999
5.182933555555556 5.461199333333333
5.185867555555555 5.4623973333333335
5.188801999999999 5.463594
5.191736888888889 5.464789333333334
5.194672222222222 5.465983333333334
5.197608 5.467176
5.200544222222222 5.468367333333333
5.203480888888889 5.469557333333333
5.206417999999999 5.470746
5.209355555555556 5.471933333333334
5.212293555555555 5.473119333333333
5.215231999999999 5.474304
5.2181708888888885 5.475487333333334
5.221110222222222 5.476669333333334
5.22405 5.47785
5.226990222222223 5.479029333333333
5.229930888888889 5.480207333333333
5.2328719999999995 5.481384
5.235813555555556 5.482559333333334
5.238755555555556 5.483733333333333
5.2416979999999995 5.484906
5.244640888888889 5.486077333333333
5.247584222222223 5.487247333333333
5.250527999999999 5.488416
5.253472222222222 5.489583333333334
5.256416888888889 5.4907493333333335
5.259361999999999 5.4919139999999995
5.262307555555555 5.493077333333333
5.265253555555555 5.494239333333333
5.2682 5.4954
5.2711468888888895 5.496559333333334
5.274094222222223 5.497717333333333
5.277042 5.498874000000001
5.279990222222223 5.500029333333334
5.282938888888888 5.5011833333333335
5.285888 5.502336
5.288837555555556 5.503487333333334
5.291787555555556 5.504637333333333
5.294738 5.505786
5.29768888888889 5.5069333333333335
5.300640222222222 5.508079333333333
5.303591999999999 5.509224
5.3065442222222226 5.510367333333333
5.309496888888889 5.511509333333334
5.312449999999999 5.512649999999999
5.315403555555555 5.513789333333333
5.318357555555555 5.514927333333333
5.321312 5.516064
5.324266888888889 5.517199333333334
5.327222222222222 5.5183333333333335
5.330177999999999 5.5194659999999995
5.333134222222223 5.520597333333334
5.336090888888889 5.521727333333333
5.339048 5.522856
5.342005555555556 5.523983333333334
5.344963555555556 5.525109333333333
5.3479220000000005 5.5262340000000005
5.350880888888889 5.527357333333333
5.353840222222223 5.528479333333333
5.3568 5.5296
5.3597602222222225 5.530719333333334
5.362720888888889 5.531837333333334
5.365682 5.532954
5.368643555555556 5.534069333333334
5.371605555555556 5.535183333333333
5.374568 5.536296
5.37753088888889 5.537407333333333
5.380494222222222 5.538517333333333
5.383458 5.539626
5.3864222222222224 5.540733333333334
5.389386888888889 5.541839333333333
5.392352 5.542944
5.395317555555556 5.544047333333333
5.398283555555556 5.545149333333334
5.40125 5.546250000000001
5.4042168888888895 5.547349333333333
5.407184222222222 5.548447333333334
5.410152 5.549544
5.413120222222223 5.550639333333334
5.416088888888889 5.551733333333333
5.419058 5.552826
5.422027555555555 5.553917333333334
5.424997555555556 5.555007333333333
5.427968 5.556096
5.43093888888889 5.5571833333333345
5.433910222222222 5.5582693333333335
5.436882 5.559353999999999
5.4398542222222215 5.560437333333333
5.44282688888889 5.561519333333334
5.445799999999999 5.5626
5.4487735555555545 5.563679333333333
5.4517475555555555 5.564757333333333
5.454722 5.565834
5.457696888888888 5.566909333333333
5.460672222222223 5.567983333333334
5.463648 5.569056
5.466624222222221 5.570127333333333
5.469600888888889 5.571197333333334
5.472578 5.572266000000001
5.475555555555555 5.573333333333333
5.478533555555556 5.574399333333333
5.481512 5.575464
5.484490888888888 5.576527333333333
5.487470222222223 5.577589333333334
5.490449999999999 5.57865
5.493430222222222 5.579709333333334
5.49641088888889 5.580767333333334
5.499391999999999 5.581823999999999
5.502373555555555 5.582879333333333
5.505355555555556 5.583933333333333
5.508338 5.584986000000001
5.511320888888888 5.5860373333333335
5.514304222222223 5.587087333333334
5.517288000000001 5.588136
5.520272222222221 5.589183333333333
5.5232568888888895 5.590229333333333
5.526242 5.591274
5.529227555555556 5.592317333333334
5.532213555555556 5.593359333333334
5.5352 5.5944
5.538186888888889 5.595439333333333
5.541174222222223 5.5964773333333335
5.544162 5.597514
5.547150222222221 5.598549333333333
5.550138888888889 5.599583333333333
5.553127999999999 5.600616
5.556117555555555 5.601647333333333
5.559107555555556 5.602677333333333
5.562098000000001 5.603706000000001
5.565088888888889 5.604733333333333
5.568080222222223 5.605759333333333
5.571072 5.606784
5.574064222222222 5.607807333333334
5.577056888888889 5.6088293333333334
5.58005 5.60985
5.583043555555555 5.6108693333333335
5.586037555555556 5.611887333333334
5.589032 5.612904
5.592026888888888 5.6139193333333335
5.595022222222223 5.614933333333333
5.598018 5.615945999999999
5.601014222222222 5.616957333333334
5.604010888888888 5.6179673333333335
5.607008 5.618976
5.6100055555555555 5.619983333333334
5.613003555555556 5.620989333333334
5.616002 5.621993999999999
5.6190008888888885 5.622997333333332
5.622000222222223 5.623999333333333
5.625 5.625
5.628000222222221 5.625999333333333
5.631000888888889 5.626997333333334
5.634002 5.627993999999999
5.637003555555555 5.628989333333333
5.640005555555556 5.629983333333334
5.643008 5.630976
5.646010888888888 5.631967333333333
5.649014222222222 5.632957333333334
5.652018 5.633946
5.655022222222222 5.634933333333333
5.658026888888889 5.635919333333334
5.6610320000000005 5.6369039999999995
5.664037555555556 5.6378873333333335
5.667043555555556 5.638869333333334
5.67005 5.63985
5.673056888888889 5.6408293333333335
5.676064222222223 5.641807333333333
5.679072000000001 5.642784000000001
5.682080222222222 5.643759333333334
5.685088888888889 5.644733333333333
5.688098 5.645706000000001
5.691107555555555 5.646677333333333
5.694117555555556 5.6476473333333335
5.697127999999999 5.648616
5.700138888888889 5.649583333333333
5.703150222222222 5.650549333333333
5.706162000000001 5.651514000000001
5.709174222222222 5.652477333333334
5.71218688888889 5.653439333333334
5.7152 5.654400000000001
5.718213555555556 5.655359333333333
5.721227555555556 5.656317333333334
5.724242 5.657274
5.727256888888888 5.658229333333333
5.730272222222222 5.659183333333333
5.733288 5.6601360000000005
5.7363042222222225 5.661087333333334
5.739320888888889 5.662037333333333
5.742338 5.662986
5.745355555555555 5.6639333333333335
5.748373555555556 5.664879333333333
5.751392 5.665824
5.754410888888889 5.6667673333333335
5.757430222222222 5.667709333333334
5.76045 5.6686499999999995
5.763470222222223 5.669589333333334
5.766490888888889 5.670527333333333
5.769512000000001 5.671464
5.772533555555555 5.672399333333333
5.775555555555556 5.673333333333334
5.778578 5.674266
5.781600888888889 5.675197333333333
5.784624222222222 5.6761273333333335
5.787648 5.677056
5.790672222222222 5.677983333333334
5.793696888888889 5.678909333333333
5.796722 5.679834
5.799747555555555 5.680757333333332
5.8027735555555555 5.681679333333333
5.8058 5.6826
5.808826888888889 5.683519333333334
5.811854222222223 5.684437333333333
5.814882 5.685354
5.817910222222222 5.686269333333334
5.820938888888889 5.6871833333333335
5.823968000000001 5.688096
5.826997555555555 5.689007333333333
5.830027555555555 5.689917333333333
5.833057999999999 5.6908259999999995
5.836088888888888 5.6917333333333335
5.839120222222222 5.692639333333334
5.8421520000000005 5.693544
5.845184222222223 5.694447333333333
5.848216888888889 5.695349333333333
5.85125 5.696250000000001
5.854283555555556 5.697149333333334
5.8573175555555546 5.698047333333333
5.860352000000001 5.698944
5.863386888888888 5.699839333333333
5.866422222222222 5.700733333333334
5.869458000000001 5.701626000000001
5.872494222222222 5.702517333333333
5.875530888888888 5.703407333333333
5.8785680000000005 5.704295999999999
5.881605555555556 5.705183333333333
5.884643555555556 5.706069333333334
5.887682000000001 5.706954
5.89072088888889 5.707837333333334
5.893760222222222 5.708719333333333
5.896800000000001 5.7096
5.899840222222222 5.710479333333334
5.902880888888888 5.711357333333333
5.905922 5.7122340000000005
5.908963555555555 5.713109333333334
5.912005555555555 5.713983333333333
5.9150480000000005 5.714856
5.918090888888889 5.715727333333334
5.921134222222222 5.7165973333333335
5.9241779999999995 5.717466
5.927222222222222 5.718333333333334
5.930266888888889 5.719199333333334
5.933312000000001 5.720064000000001
5.936357555555555 5.720927333333333
5.939403555555555 5.721789333333333
5.94245 5.72265
5.945496888888889 5.723509333333333
5.948544222222221 5.724367333333333
5.951592 5.725224
5.954640222222222 5.726079333333333
5.957688888888889 5.726933333333333
5.960738 5.727786
5.963787555555555 5.728637333333333
5.966837555555555 5.729487333333333
5.969888 5.730335999999999
5.972938888888889 5.731183333333333
5.975990222222222 5.732029333333333
5.979042000000001 5.732874000000001
5.982094222222222 5.733717333333333
5.985146888888889 5.734559333333333
5.988200000000001 5.7354
5.991253555555556 5.736239333333333
5.994307555555555 5.737077333333333
5.997362 5.737914
6.000416888888889 5.738749333333334
6.003472222222221 5.739583333333333
6.006528 5.740416
6.009584222222222 5.741247333333334
6.012640888888888 5.742077333333333
6.015698 5.742906
6.018755555555556 5.743733333333333
6.021813555555555 5.744559333333333
6.024872 5.7453840000000005
6.027930888888889 5.7462073333333334
6.030990222222221 5.747029333333333
6.034050000000001 5.74785
6.037110222222222 5.748669333333333
6.0401708888888885 5.749487333333334
6.043232000000001 5.750304
6.046293555555556 5.7511193333333335
6.049355555555555 5.751933333333333
6.052418 5.752746
6.055480888888889 5.753557333333333
6.058544222222221 5.754367333333334
6.061608 5.755176
6.064672222222222 5.755983333333333
6.067736888888888 5.756789333333333
6.0708020000000005 5.757594000000001
6.073867555555556 5.758397333333333
6.076933555555555 5.759199333333333
6.080000000000001 5.760000000000001
6.083066888888889 5.760799333333334
6.0861342222222214 5.761597333333333
6.089202 5.7623940000000005
6.092270222222222 5.763189333333333
6.095338888888889 5.763983333333333
6.098408000000001 5.764776
6.101477555555555 5.765567333333333
6.1045475555555555 5.766357333333333
6.107618 5.767146
6.110688888888889 5.767933333333334
6.113760222222222 5.768719333333333
6.1168320000000005 5.769504
6.119904222222223 5.770287333333334
6.122976888888889 5.771069333333333
6.12605 5.771850000000001
6.129123555555555 5.772629333333334
6.132197555555555 5.773407333333333
6.1352720000000005 5.774184
6.138346888888889 5.774959333333333
6.1414222222222214 5.775733333333333
6.1444980000000005 5.776506
6.147574222222222 5.777277333333333
6.1506508888888884 5.778047333333333
6.153728000000001 5.778816
6.156805555555556 5.779583333333333
6.159883555555555 5.780349333333333
6.162962 5.7811140000000005
6.166040888888889 5.781877333333334
6.169120222222222 5.782639333333334
6.172200000000001 5.7834
6.175280222222222 5.784159333333333
6.178360888888889 5.7849173333333335
6.1814420000000005 5.785674
6.184523555555556 5.786429333333334
6.187605555555555 5.787183333333333
6.190688 5.787936
6.193770888888889 5.788687333333334
6.196854222222222 5.789437333333334
6.1999379999999995 5.790186
6.203022222222223 5.790933333333333
6.206106888888888 5.791679333333333
6.209192 5.7924240000000005
6.212277555555556 5.793167333333334
6.215363555555555 5.793909333333333
6.21845 5.79465
6.221536888888889 5.7953893333333335
6.224624222222222 5.796127333333334
6.2277119999999995 5.796864
6.230800222222223 5.797599333333333
6.233888888888889 5.798333333333334
6.236977999999999 5.799066
6.240067555555556 5.799797333333334
6.243157555555555 5.800527333333333
6.246248 5.8012559999999995
6.2493388888888886 5.801983333333332
6.252430222222222 5.802709333333333
6.255522 5.803434
6.2586142222222225 5.804157333333334
6.261706888888888 5.804879333333333
6.264799999999999 5.8056
6.267893555555555 5.806319333333333
6.270987555555555 5.807037333333333
6.274081999999999 5.807753999999999
6.277176888888889 5.808469333333333
6.280272222222222 5.809183333333333
6.283367999999999 5.809896
6.2864642222222225 5.8106073333333335
6.2895608888888885 5.811317333333333
6.292657999999999 5.812026
6.295755555555556 5.812733333333333
6.298853555555555 5.813439333333333
6.301951999999999 5.814144
6.305050888888889 5.814847333333333
6.308150222222222 5.815549333333333
6.311249999999999 5.81625
6.314350222222223 5.8169493333333335
6.317450888888889 5.8176473333333325
6.320551999999999 5.818344
6.3236535555555555 5.8190393333333335
6.326755555555556 5.819733333333333
6.329858 5.820425999999999
6.332960888888889 5.821117333333333
6.336064222222221 5.821807333333333
6.339168 5.822496
6.342272222222222 5.823183333333333
6.345376888888889 5.823869333333333
6.348481999999999 5.824554
6.351587555555556 5.825237333333334
6.3546935555555555 5.825919333333333
6.3578 5.8266
6.360906888888889 5.827279333333333
6.364014222222222 5.827957333333334
6.367122 5.828634000000001
6.370230222222222 5.829309333333333
6.373338888888889 5.829983333333333
6.376448 5.830656
6.379557555555556 5.831327333333333
6.382667555555556 5.831997333333334
6.385778 5.832666
6.388888888888889 5.833333333333333
6.392000222222222 5.833999333333333
6.395112 5.834664
6.398224222222223 5.835327333333333
6.401336888888888 5.835989333333333
6.40445 5.836650000000001
6.407563555555556 5.837309333333334
6.410677555555555 5.837967333333333
6.413792 5.838624
6.416906888888889 5.839279333333333
6.420022222222222 5.839933333333333
6.423138 5.840586000000001
6.426254222222222 5.841237333333334
6.429370888888889 5.841887333333334
6.432488 5.842536000000001
6.435605555555556 5.843183333333334
6.438723555555555 5.843829333333333
6.441841999999999 5.844474
6.444960888888889 5.845117333333333
6.448080222222222 5.8457593333333335
6.451199999999999 5.846399999999999
6.454320222222223 5.847039333333334
6.45744088888889 5.847677333333333
6.4605619999999995 5.848313999999999
6.463683555555557 5.8489493333333336
6.466805555555556 5.849583333333333
6.4699279999999995 5.850216
6.473050888888889 5.850847333333333
6.476174222222222 5.851477333333333
6.479298 5.852106
6.482422222222223 5.852733333333334
6.485546888888889 5.853359333333334
6.488672 5.853984
6.491797555555556 5.854607333333334
6.494923555555555 5.855229333333333
6.498049999999999 5.85585
6.501176888888889 5.856469333333333
6.504304222222222 5.857087333333332
6.507432 5.857703999999999
6.510560222222223 5.858319333333334
6.51368888888889 5.858933333333334
6.516818 5.859546
6.5199475555555555 5.860157333333333
6.523077555555555 5.8607673333333326
6.526208 5.861376
6.52933888888889 5.861983333333334
6.532470222222223 5.862589333333333
6.535601999999999 5.863194
6.538734222222223 5.863797333333333
6.541866888888889 5.864399333333333
6.545 5.864999999999999
6.548133555555555 5.865599333333333
6.5512675555555555 5.866197333333334
6.554402 5.8667940000000005
6.557536888888889 5.867389333333334
6.560672222222223 5.867983333333334
6.563808 5.868576000000001
6.566944222222222 5.869167333333333
6.5700808888888895 5.869757333333333
6.573218 5.870346
6.576355555555557 5.870933333333334
6.5794935555555565 5.8715193333333335
6.582632 5.872104
6.585770888888889 5.872687333333333
6.588910222222222 5.873269333333334
6.5920499999999995 5.87385
6.595190222222222 5.8744293333333335
6.5983308888888885 5.875007333333333
6.601471999999999 5.875584
6.604613555555555 5.876159333333334
6.607755555555556 5.876733333333334
6.610898000000001 5.877306
6.614040888888889 5.877877333333333
6.617184222222222 5.878447333333334
6.620328 5.879016
6.6234722222222215 5.879583333333334
6.626616888888889 5.880149333333333
6.629762 5.880714000000001
6.632907555555555 5.881277333333333
6.636053555555556 5.881839333333334
6.6392 5.8824
6.642346888888888 5.882959333333333
6.645494222222222 5.883517333333333
6.648642000000001 5.884074
6.651790222222222 5.884629333333334
6.654938888888889 5.885183333333333
6.658087999999999 5.885736
6.661237555555555 5.886287333333334
6.664387555555556 5.886837333333333
6.667538 5.887386000000001
6.670688888888888 5.887933333333334
6.673840222222222 5.888479333333333
6.676991999999999 5.889023999999999
6.680144222222222 5.889567333333333
6.683296888888889 5.890109333333333
6.686450000000001 5.89065
6.689603555555555 5.891189333333333
6.692757555555556 5.891727333333334
6.695912 5.892263999999999
6.699066888888888 5.8927993333333335
6.702222222222223 5.8933333333333335
6.705378 5.893866
6.708534222222221 5.894397333333332
6.711690888888889 5.894927333333333
6.714848 5.895456
6.718005555555555 5.895983333333334
6.721163555555556 5.896509333333333
6.724322 5.897034
6.727480888888888 5.897557333333333
6.730640222222223 5.8980793333333335
6.7338000000000005 5.8986
6.736960222222222 5.899119333333333
6.74012088888889 5.8996373333333345
6.743282 5.900154000000001
6.746443555555555 5.900669333333333
6.749605555555556 5.901183333333333
6.752768 5.901695999999999
6.755930888888888 5.902207333333333
6.759094222222222 5.902717333333333
6.762257999999999 5.903226
6.765422222222222 5.903733333333333
6.768586888888889 5.904239333333333
6.771752 5.904744000000001
6.774917555555556 5.9052473333333335
6.778083555555556 5.9057493333333335
6.78125 5.90625
6.784416888888888 5.906749333333333
6.787584222222223 5.907247333333334
6.7907519999999995 5.907743999999999
6.793920222222222 5.908239333333333
6.797088888888889 5.908733333333334
6.8002579999999995 5.909225999999999
6.8034275555555555 5.909717333333333
6.806597555555556 5.910207333333334
6.809768 5.910696
6.812938888888889 5.911183333333334
6.816110222222222 5.911669333333332
6.819282 5.912154
6.822454222222222 5.912637333333334
6.825626888888889 5.913119333333334
6.828799999999999 5.9136
6.831973555555555 5.9140793333333335
6.835147555555555 5.914557333333333
6.838322 5.9150339999999995
6.841496888888888 5.915509333333333
6.844672222222223 5.915983333333333
6.847848000000001 5.916456
6.851024222222222 5.916927333333334
6.854200888888889 5.917397333333334
6.857378 5.917866
6.860555555555555 5.918333333333334
6.863733555555556 5.918799333333334
6.866912 5.919264
6.870090888888888 5.9197273333333325
6.873270222222223 5.920189333333333
6.87645 5.92065
6.879630222222222 5.921109333333333
6.882810888888889 5.921567333333334
6.885992 5.922024
6.889173555555556 5.922479333333333
6.892355555555556 5.922933333333334
6.895538 5.923386000000001
6.898720888888889 5.923837333333333
6.901904222222223 5.924287333333333
6.905088 5.924736
6.908272222222221 5.925183333333333
6.91145688888889 5.925629333333333
6.914642000000001 5.926074
6.917827555555555 5.926517333333333
6.9210135555555565 5.9269593333333335
6.9242 5.9274000000000004
6.927386888888889 5.927839333333333
6.930574222222223 5.928277333333333
6.933762000000001 5.928714000000001
6.9369502222222215 5.929149333333333
6.940138888888889 5.929583333333333
6.943328 5.930016
6.946517555555555 5.930447333333333
6.949707555555556 5.930877333333334
6.952898 5.931305999999999
6.956088888888889 5.931733333333334
6.9592802222222225 5.932159333333334
6.962472 5.932584
6.965664222222222 5.933007333333334
6.968856888888889 5.933429333333333
6.972049999999999 5.93385
6.975243555555555 5.934269333333334
6.978437555555556 5.934687333333333
6.981632 5.935104000000001
6.984826888888889 5.935519333333334
6.988022222222222 5.935933333333333
6.991218 5.9363459999999995
6.994414222222222 5.936757333333333
6.997610888888889 5.937167333333333
7.000808 5.937576
7.004005555555556 5.9379833333333325
7.007203555555555 5.938389333333333
7.010402 5.938794000000001
7.013600888888889 5.939197333333333
7.016800222222221 5.939599333333333
7.0200000000000005 5.94
7.023200222222222 5.940399333333334
7.0264008888888885 5.940797333333334
7.029602 5.941193999999999
7.032803555555556 5.941589333333334
7.036005555555556 5.941983333333334
7.0392079999999995 5.942376
7.042410888888889 5.942767333333334
7.045614222222222 5.943157333333334
7.048818000000001 5.943546
7.052022222222222 5.943933333333334
7.055226888888889 5.944319333333334
7.058432 5.944704
7.0616375555555555 5.945087333333333
7.064843555555555 5.9454693333333335
7.0680499999999995 5.94585
7.071256888888889 5.946229333333333
7.074464222222222 5.946607333333333
7.077672 5.9469840000000005
7.0808802222222225 5.947359333333333
7.084088888888888 5.947733333333334
7.0872980000000005 5.948106
7.090507555555555 5.948477333333334
7.093717555555555 5.948847333333333
7.096928 5.949216000000001
7.100138888888889 5.949583333333333
7.103350222222222 5.9499493333333335
7.106562 5.9503140000000005
7.109774222222223 5.950677333333333
7.112986888888889 5.951039333333333
7.1162 5.9514
7.119413555555556 5.951759333333333
7.122627555555555 5.952117333333334
7.1258420000000005 5.952474
7.129056888888888 5.952829333333333
7.132272222222222 5.9531833333333335
7.1354880000000005 5.953536
7.138704222222222 5.953887333333332
7.1419208888888885 5.954237333333333
7.145138000000001 5.954586
7.148355555555556 5.954933333333334
7.151573555555554 5.955279333333333
7.1547920000000005 5.955623999999999
7.158010888888889 5.955967333333334
7.161230222222223 5.9563093333333335
7.16445 5.956650000000001
7.167670222222222 5.9569893333333335
7.170890888888889 5.957327333333333
7.174112 5.957663999999999
7.177333555555555 5.957999333333333
7.180555555555555 5.958333333333333
7.183778 5.958666
7.187000888888889 5.9589973333333335
7.190224222222222 5.959327333333333
7.193448 5.959656
7.1966722222222215 5.959983333333333
7.199896888888889 5.960309333333333
7.2031220000000005 5.960634000000001
7.206347555555555 5.960957333333334
7.209573555555555 5.961279333333333
7.2128000000000005 5.9616
7.216026888888889 5.961919333333334
7.219254222222221 5.9622373333333325
7.222482 5.962554
7.225710222222222 5.962869333333334
7.228938888888889 5.963183333333333
7.232168000000001 5.963496
7.235397555555556 5.9638073333333335
7.2386275555555555 5.964117333333334
7.241858000000001 5.964426
7.245088888888889 5.964733333333333
7.248320222222222 5.965039333333333
7.251552 5.965344000000001
7.254784222222223 5.965647333333333
7.258016888888888 5.965949333333333
7.26125 5.9662500000000005
7.264483555555556 5.966549333333333
7.2677175555555555 5.966847333333334
7.270952000000001 5.967144
7.274186888888889 5.967439333333333
7.2774222222222225 5.967733333333333
7.280658000000001 5.968026
7.283894222222222 5.968317333333333
7.287130888888888 5.968607333333334
7.290368 5.968896
7.293605555555556 5.9691833333333335
7.296843555555555 5.9694693333333335
7.300082000000001 5.969754
7.303320888888889 5.970037333333334
7.306560222222222 5.970319333333333
7.309800000000001 5.9706
7.313040222222223 5.970879333333333
7.316280888888889 5.971157333333333
7.319522000000001 5.9714339999999995
7.3227635555555555 5.971709333333334
7.326005555555555 5.971983333333332
7.329248000000001 5.972256
7.33249088888889 5.972527333333334
7.3357342222222215 5.972797333333332
7.338978 5.973066
7.342222222222222 5.973333333333333
7.345466888888889 5.9735993333333335
7.348712000000001 5.973864000000001
7.351957555555556 5.974127333333333
7.355203555555555 5.974389333333333
7.358450000000001 5.9746500000000005
7.361696888888889 5.974909333333333
7.364944222222222 5.975167333333333
7.3681920000000005 5.975424
7.371440222222223 5.975679333333334
7.374688888888889 5.975933333333334
7.377938 5.976186
7.381187555555556 5.976437333333333
7.3844375555555555 5.9766873333333335
7.387687999999999 5.976935999999999
7.39093888888889 5.9771833333333335
7.394190222222222 5.977429333333333
7.397441999999999 5.977674
7.4006942222222225 5.977917333333334
7.403946888888888 5.978159333333332
7.4072 5.978400000000001
7.410453555555556 5.978639333333334
7.413707555555555 5.978877333333333
7.416961999999999 5.979113999999999
7.420216888888889 5.979349333333333
7.423472222222222 5.979583333333333
7.426728 5.9798160000000005
7.429984222222223 5.980047333333334
7.433240888888889 5.9802773333333334
7.436498 5.980506
7.439755555555555 5.980733333333333
7.443013555555556 5.980959333333334
7.446272 5.981184
7.449530888888889 5.981407333333334
7.452790222222222 5.981629333333334
7.45605 5.9818500000000006
7.459310222222222 5.9820693333333335
7.462570888888889 5.982287333333334
7.465832 5.9825040000000005
7.469093555555555 5.982719333333334
7.472355555555556 5.9829333333333325
7.475617999999999 5.983146
7.478880888888889 5.983357333333333
7.482144222222222 5.983567333333333
7.485408 5.983776000000001
7.488672222222222 5.983983333333333
7.491936888888889 5.984189333333334
7.495201999999999 5.984394
7.498467555555555 5.984597333333333
7.501733555555556 5.984799333333333
7.505 5.985
7.5082668888888895 5.985199333333334
7.511534222222222 5.985397333333333
7.5148019999999995 5.985594
7.518070222222222 5.985789333333333
7.521338888888889 5.985983333333333
7.524608 5.9861759999999995
7.527877555555556 5.986367333333334
7.531147555555556 5.986557333333334
7.534418 5.986746
7.537688888888889 5.986933333333333
7.540960222222223 5.987119333333333
7.544231999999999 5.987304
7.547504222222223 5.987487333333334
7.550776888888889 5.987669333333334
7.55405 5.987850000000001
7.557323555555556 5.988029333333333
7.560597555555556 5.988207333333333
7.563872 5.988384
7.56714688888889 5.988559333333333
7.570422222222222 5.988733333333333
7.573697999999999 5.988906
7.576974222222223 5.989077333333333
7.580250888888889 5.989247333333333
7.583527999999999 5.989415999999999
7.586805555555556 5.989583333333334
7.590083555555555 5.989749333333333
7.593362 5.989914000000001
7.596640888888889 5.990077333333333
7.599920222222222 5.990239333333333
7.6032 5.990400000000001
7.606480222222222 5.990559333333334
7.609760888888889 5.9907173333333334
7.613041999999999 5.990874
7.616323555555556 5.9910293333333335
7.619605555555555 5.991183333333333
7.622888 5.991336
7.626170888888889 5.991487333333334
7.629454222222223 5.991637333333334
7.632737999999999 5.991786
7.636022222222223 5.991933333333334
7.639306888888889 5.992079333333333
7.642592 5.992224
7.645877555555556 5.992367333333333
7.649163555555556 5.9925093333333335
7.65245 5.99265
7.655736888888889 5.9927893333333335
7.6590242222222225 5.992927333333333
7.662312 5.993064
7.665600222222222 5.993199333333333
7.668888888888889 5.993333333333333
7.672178 5.993466
7.6754675555555565 5.993597333333333
7.678757555555555 5.993727333333333
7.682048 5.993856
7.685338888888889 5.993983333333333
7.688630222222222 5.994109333333333
7.691922 5.994234
7.695214222222223 5.994357333333333
7.698506888888889 5.9944793333333335
7.7017999999999995 5.9946
7.705093555555556 5.994719333333333
7.708387555555555 5.994837333333333
7.711682 5.994954
7.71497688888889 5.995069333333333
7.718272222222223 5.995183333333333
7.7215679999999995 5.995296000000001
7.724864222222223 5.9954073333333335
7.7281608888888895 5.995517333333333
7.731458 5.995626
7.734755555555556 5.995733333333334
7.738053555555555 5.9958393333333335
7.741352 5.995944000000001
7.74465088888889 5.996047333333333
7.747950222222222 5.996149333333333
7.75125 5.99625
7.754550222222223 5.996349333333333
7.757850888888889 5.996447333333333
7.761152 5.996544
7.764453555555556 5.9966393333333325
7.7677555555555555 5.996733333333334
7.771058 5.996826
7.774360888888889 5.996917333333333
7.777664222222222 5.997007333333333
7.780968 5.997096
7.7842722222222225 5.997183333333333
7.787576888888889 5.997269333333333
7.790882 5.997354
7.794187555555555 5.997437333333334
7.797493555555556 5.997519333333334
7.8008 5.997599999999999
7.804106888888888 5.997679333333332
7.8074142222222225 5.997757333333333
7.810722 5.997834
7.814030222222222 5.997909333333334
7.817338888888889 5.997983333333334
7.820647999999999 5.998056
7.8239575555555545 5.998127333333333
7.827267555555555 5.998197333333334
7.830578 5.998266
7.833888888888889 5.998333333333333
7.837200222222222 5.998399333333333
7.840512 5.998463999999999
7.843824222222222 5.9985273333333335
7.847136888888889 5.998589333333333
7.85045 5.99865
7.853763555555555 5.998709333333334
7.857077555555556 5.998767333333333
7.860392 5.998824
7.863706888888888 5.998879333333333
7.867022222222223 5.9989333333333335
7.870337999999999 5.998986
7.873654222222221 5.999037333333334
7.87697088888889 5.999087333333333
7.880288 5.999136
7.8836055555555555 5.999183333333334
7.886923555555557 5.999229333333333
7.890242000000001 5.999274000000001
7.893560888888889 5.999317333333333
7.896880222222222 5.9993593333333335
7.9002 5.9994
7.903520222222222 5.999439333333333
7.9068408888888895 5.999477333333333
7.910162 5.999514
7.913483555555556 5.999549333333333
7.916805555555556 5.999583333333333
7.920127999999999 5.999616
7.923450888888889 5.999647333333333
7.926774222222223 5.9996773333333335
7.930098 5.999706
7.933422222222221 5.9997333333333325
7.936746888888889 5.9997593333333334
7.940072 5.999784
7.943397555555555 5.999807333333334
7.946723555555557 5.9998293333333335
7.95005 5.99985
7.953376888888888 5.999869333333334
7.956704222222223 5.999887333333333
7.960032 5.999904
7.963360222222222 5.999919333333333
7.966688888888889 5.999933333333333
7.9700180000000005 5.999946
7.973347555555555 5.999957333333333
7.976677555555556 5.999967333333333
7.980008 5.999976
7.9833388888888885 5.999983333333333
7.986670222222222 5.999989333333334
7.9900020000000005 5.999994
7.993334222222222 5.999997333333333
7.996666888888889 5.999999333333333
0 0 0
3 6 0
8 6 0
